126 0 42 128 0 19 162 0 65 5 211 174 60 2 60 61 62 6 26 46 119 120 99 217 55 66 45 49 35 6 74 0 0 122 196 76 0 0 122 196 78 92 3 0 0 214 
126 0 42 128 0 19 162 0 65 5 211 174 60 2 60 61 62 6 26 46 119 120 99 217 55 66 45 49 35 7 74 0 0 122 196 76 0 0 122 196 78 88 3 0 0 217 
126 0 42 128 0 19 162 0 65 5 211 174 61 2 60 61 62 6 26 46 119 120 99 217 55 66 45 49 35 8 74 0 0 122 196 76 0 0 122 196 78 87 3 0 0 216 
126 0 42 128 0 19 162 0 65 5 211 174 60 2 60 61 62 6 26 46 119 120 99 217 55 66 45 49 35 9 74 0 0 122 196 76 0 0 122 196 78 85 3 0 0 218 
126 0 42 128 0 19 162 0 65 5 211 174 61 2 60 61 62 6 26 46 119 120 99 217 55 66 45 49 35 10 74 0 0 122 196 76 0 0 122 196 78 77 3 0 0 224 
126 0 42 128 0 19 162 0 65 5 211 174 57 2 60 61 62 6 26 46 119 120 99 217 55 66 45 49 35 11 74 0 0 122 196 76 0 0 122 196 78 96 1 0 0 210 
126 0 42 128 0 19 162 0 65 5 211 174 60 2 60 61 62 6 26 46 119 120 99 217 55 66 45 49 35 12 74 0 0 122 196 76 0 0 122 196 78 29 3 0 0 15 
126 0 42 128 0 19 162 0 65 5 211 174 60 2 60 61 62 6 26 46 119 120 99 217 55 66 45 49 35 13 74 0 0 122 196 76 0 0 122 196 78 23 3 0 0 20 
126 0 42 128 0 19 162 0 65 5 211 174 60 2 60 61 62 6 26 46 119 120 99 217 55 66 45 49 35 14 74 0 0 122 196 76 0 0 122 196 78 20 3 0 0 22 
126 0 42 128 0 19 162 0 65 5 211 174 60 2 60 61 62 6 26 46 119 120 99 217 55 66 45 49 35 15 74 0 0 122 196 76 0 0 122 196 78 28 3 0 0 13 
126 0 42 128 0 19 162 0 65 5 211 174 60 2 60 61 62 6 26 46 119 120 99 217 55 66 45 49 35 16 74 0 0 122 196 76 0 0 122 196 78 35 3 0 0 5 
126 0 42 128 0 19 162 0 65 5 211 174 60 2 60 61 62 6 26 46 119 120 99 217 55 66 45 49 35 17 74 0 0 122 196 76 0 0 122 196 78 43 3 0 0 252 
126 0 42 128 0 19 162 0 65 5 211 174 60 2 60 61 62 6 26 46 119 120 99 217 55 66 45 49 35 18 74 0 0 122 196 76 0 0 122 196 78 51 3 0 0 243 
126 0 42 128 0 19 162 0 65 5 211 174 60 2 60 61 62 6 26 46 119 120 99 217 55 66 45 49 35 19 74 0 0 122 196 76 0 0 122 196 78 58 3 0 0 235 
126 0 42 128 0 19 162 0 65 5 211 174 60 2 60 61 62 6 26 46 119 120 99 217 55 66 45 49 35 20 74 0 0 122 196 76 0 0 122 196 78 67 3 0 0 225 
126 0 42 128 0 19 162 0 65 5 211 174 60 2 60 61 62 6 26 46 119 120 99 217 55 66 45 49 35 21 74 0 0 122 196 76 0 0 122 196 78 74 3 0 0 217 
126 0 42 128 0 19 162 0 65 5 211 174 60 2 60 61 62 6 26 46 119 120 99 217 55 66 45 49 35 22 74 0 0 122 196 76 0 0 122 196 78 80 3 0 0 210 
126 0 42 128 0 19 162 0 65 5 211 174 60 2 60 61 62 6 26 46 119 120 99 217 55 66 45 49 35 23 74 0 0 122 196 76 0 0 122 196 78 86 3 0 0 203 
126 0 42 128 0 19 162 0 65 5 211 174 60 2 60 61 62 6 26 46 119 120 99 217 55 66 45 49 35 24 74 0 0 122 196 76 0 0 122 196 78 93 3 0 0 195 
126 0 42 128 0 19 162 0 65 5 211 174 60 2 60 61 62 6 26 46 119 120 99 217 55 66 45 49 35 25 74 0 0 122 196 76 0 0 122 196 78 95 3 0 0 192 
126 0 42 128 0 19 162 0 65 5 211 174 60 2 60 61 62 6 26 46 119 120 99 217 55 66 45 49 35 26 74 0 0 122 196 76 0 0 122 196 78 99 3 0 0 187 
126 0 42 128 0 19 162 0 65 5 211 174 60 2 60 61 62 6 26 46 119 120 99 217 55 66 45 49 35 27 74 0 0 122 196 76 0 0 122 196 78 97 3 0 0 188 
126 0 42 128 0 19 162 0 65 5 211 174 60 2 60 61 62 6 26 46 119 120 99 217 55 66 45 49 35 28 74 0 0 122 196 76 0 0 122 196 78 90 3 0 0 194 
126 0 42 128 0 19 162 0 65 5 211 174 60 2 60 61 62 6 26 46 119 120 99 217 55 66 45 49 35 29 74 0 0 122 196 76 0 0 122 196 78 95 3 0 0 188 
126 0 42 128 0 19 162 0 65 5 211 174 60 2 60 61 62 6 26 46 119 120 99 217 55 66 45 49 35 30 74 0 0 122 196 76 0 0 122 196 78 92 3 0 0 190 
126 0 42 128 0 19 162 0 65 5 211 174 60 2 60 61 62 6 26 46 119 120 99 217 55 66 45 49 35 31 74 0 0 122 196 76 0 0 122 196 78 97 3 0 0 184 
126 0 42 128 0 19 162 0 65 5 211 174 60 2 60 61 62 6 26 46 119 120 99 217 55 66 45 49 35 32 74 0 0 122 196 76 0 0 122 196 78 96 3 0 0 184 
126 0 42 128 0 19 162 0 65 5 211 174 60 2 60 61 62 6 26 46 119 120 99 217 55 66 45 49 35 33 74 0 0 122 196 76 0 0 122 196 78 96 3 0 0 183 
126 0 42 128 0 19 162 0 65 5 211 174 60 2 60 61 62 6 26 46 119 120 99 217 55 66 45 49 35 34 74 0 0 122 196 76 0 0 122 196 78 87 3 0 0 191 
126 0 42 128 0 19 162 0 65 5 211 174 60 2 60 61 62 6 26 46 119 120 99 217 55 66 45 49 35 35 74 0 0 122 196 76 0 0 122 196 78 84 3 0 0 193 
126 0 42 128 0 19 162 0 65 5 211 174 60 2 60 61 62 6 26 46 119 120 99 217 55 66 45 49 35 36 74 0 0 122 196 76 0 0 122 196 78 84 3 0 0 192 
126 0 42 128 0 19 162 0 65 5 211 174 60 2 60 61 62 6 26 46 119 120 99 217 55 66 45 49 35 37 74 0 0 122 196 76 0 0 122 196 78 86 3 0 0 189 
126 0 42 128 0 19 162 0 65 5 211 174 60 2 60 61 62 6 26 46 119 120 99 217 55 66 45 49 35 38 74 0 0 122 196 76 0 0 122 196 78 78 3 0 0 196 
126 0 42 128 0 19 162 0 65 5 211 174 60 2 60 61 62 6 26 46 119 120 99 217 55 66 45 49 35 39 74 0 0 122 196 76 0 0 122 196 78 67 3 0 0 206 
126 0 42 128 0 19 162 0 65 5 211 174 60 2 60 61 62 6 26 46 119 120 99 217 55 66 45 49 35 40 74 0 0 122 196 76 0 0 122 196 78 68 3 0 0 204 
126 0 42 128 0 19 162 0 65 5 211 174 60 2 60 61 62 6 26 46 119 120 99 217 55 66 45 49 35 41 74 0 0 122 196 76 0 0 122 196 78 76 3 0 0 195 
126 0 42 128 0 19 162 0 65 5 211 174 60 2 60 61 62 6 26 46 119 120 99 217 55 66 45 49 35 42 74 0 0 122 196 76 0 0 122 196 78 77 3 0 0 193 
126 0 42 128 0 19 162 0 65 5 211 174 60 2 60 61 62 6 26 46 119 120 99 217 55 66 45 49 35 43 74 0 0 122 196 76 0 0 122 196 78 73 3 0 0 196 
126 0 42 128 0 19 162 0 65 5 211 174 60 2 60 61 62 6 26 46 119 120 99 217 55 66 45 49 35 44 74 0 0 122 196 76 0 0 122 196 78 66 3 0 0 202 
126 0 42 128 0 19 162 0 65 5 211 174 60 2 60 61 62 6 26 46 119 120 99 217 55 66 45 49 35 45 74 0 0 122 196 76 0 0 122 196 78 81 3 0 0 186 
126 0 42 128 0 19 162 0 65 5 211 174 60 2 60 61 62 6 26 46 119 120 99 217 55 66 45 49 35 46 74 0 0 122 196 76 0 0 122 196 78 73 3 0 0 193 
126 0 42 128 0 19 162 0 65 5 211 174 60 2 60 61 62 6 26 46 119 120 99 217 55 66 45 49 35 47 74 0 0 122 196 76 0 0 122 196 78 76 3 0 0 189 
126 0 42 128 0 19 162 0 65 5 211 174 60 2 60 61 62 6 26 46 119 120 99 217 55 66 45 49 35 48 74 0 0 122 196 76 0 0 122 196 78 68 3 0 0 196 
126 0 42 128 0 19 162 0 65 5 211 174 60 2 60 61 62 6 26 46 119 120 99 217 55 66 45 49 35 49 74 0 0 122 196 76 0 0 122 196 78 76 3 0 0 187 
126 0 42 128 0 19 162 0 65 5 211 174 60 2 60 61 62 6 26 46 119 120 99 217 55 66 45 49 35 50 74 0 0 122 196 76 0 0 122 196 78 73 3 0 0 189 
126 0 42 128 0 19 162 0 65 5 211 174 60 2 60 61 62 6 26 46 119 120 99 217 55 66 45 49 35 51 74 0 0 122 196 76 0 0 122 196 78 85 3 0 0 176 
126 0 42 128 0 19 162 0 65 5 211 174 60 2 60 61 62 6 26 46 119 120 99 217 55 66 45 49 35 52 74 0 0 122 196 76 0 0 122 196 78 80 3 0 0 180 
126 0 42 128 0 19 162 0 65 5 211 174 60 2 60 61 62 6 26 46 119 120 99 217 55 66 45 49 35 53 74 0 0 122 196 76 0 0 122 196 78 101 3 0 0 158 
126 0 42 128 0 19 162 0 65 5 211 174 60 2 60 61 62 6 26 46 119 120 99 217 55 66 45 49 35 54 74 0 0 122 196 76 0 0 122 196 78 107 3 0 0 151 
126 0 42 128 0 19 162 0 65 5 211 174 60 2 60 61 62 6 26 46 119 120 99 217 55 66 45 49 35 55 74 0 0 122 196 76 0 0 122 196 78 114 3 0 0 143 
126 0 42 128 0 19 162 0 65 5 211 174 60 2 60 61 62 6 26 46 119 120 99 217 55 66 45 49 35 56 74 0 0 122 196 76 0 0 122 196 78 107 3 0 0 149 
126 0 42 128 0 19 162 0 65 5 211 174 60 2 60 61 62 6 26 46 119 120 99 217 55 66 45 49 35 57 74 0 0 122 196 76 0 0 122 196 78 99 3 0 0 156 
126 0 42 128 0 19 162 0 65 5 211 174 60 2 60 61 62 6 26 46 119 120 99 217 55 66 45 49 35 58 74 0 0 122 196 76 0 0 122 196 78 99 3 0 0 155 
126 0 42 128 0 19 162 0 65 5 211 174 60 2 60 61 62 6 26 46 119 120 99 217 55 66 45 49 35 59 74 0 0 122 196 76 0 0 122 196 78 102 3 0 0 151 
126 0 42 128 0 19 162 0 65 5 211 174 60 2 60 61 62 6 26 46 119 120 99 217 55 66 45 49 35 60 74 0 0 122 196 76 0 0 122 196 78 103 3 0 0 149 
126 0 42 128 0 19 162 0 65 5 211 174 60 2 60 61 62 6 26 46 119 120 99 217 55 66 45 49 35 61 74 0 0 122 196 76 0 0 122 196 78 75 3 0 0 176 
126 0 42 128 0 19 162 0 65 5 211 174 60 2 60 61 62 6 26 46 119 120 99 217 55 66 45 49 35 62 74 0 0 122 196 76 0 0 122 196 78 71 3 0 0 179 
126 0 42 128 0 19 162 0 65 5 211 174 60 2 60 61 62 6 26 46 119 120 99 217 55 66 45 49 35 63 74 0 0 122 196 76 0 0 122 196 78 71 3 0 0 178 
126 0 42 128 0 19 162 0 65 5 211 174 60 2 60 61 62 6 26 46 119 120 99 217 55 66 45 49 35 64 74 0 0 122 196 76 0 0 122 196 78 47 3 0 0 201 
126 0 42 128 0 19 162 0 65 5 211 174 60 2 60 61 62 6 26 46 119 120 99 217 55 66 45 49 35 65 74 0 0 122 196 76 0 0 122 196 78 43 3 0 0 204 
126 0 42 128 0 19 162 0 65 5 211 174 60 2 60 61 62 6 26 46 119 120 99 217 55 66 45 49 35 66 74 0 0 122 196 76 0 0 122 196 78 41 3 0 0 205 
126 0 42 128 0 19 162 0 65 5 211 174 60 2 60 61 62 6 26 46 119 120 99 217 55 66 45 49 35 67 74 0 0 122 196 76 0 0 122 196 78 32 3 0 0 213 
126 0 42 128 0 19 162 0 65 5 211 174 60 2 60 61 62 6 26 46 119 120 99 217 55 66 45 49 35 68 74 0 0 122 196 76 0 0 122 196 78 24 3 0 0 220 
126 0 42 128 0 19 162 0 65 5 211 174 60 2 60 61 62 6 26 46 119 120 99 217 55 66 45 49 35 69 74 0 0 122 196 76 0 0 122 196 78 19 3 0 0 224 
126 0 42 128 0 19 162 0 65 5 211 174 60 2 60 61 62 6 26 46 119 120 99 217 55 66 45 49 35 70 74 0 0 122 196 76 0 0 122 196 78 19 3 0 0 223 
126 0 42 128 0 19 162 0 65 5 211 174 60 2 60 61 62 6 26 46 119 120 99 217 55 66 45 49 35 71 74 0 0 122 196 76 0 0 122 196 78 3 3 0 0 238 
126 0 42 128 0 19 162 0 65 5 211 174 60 2 60 61 62 6 26 46 119 120 99 217 55 66 45 49 35 72 74 0 0 122 196 76 0 0 122 196 78 10 3 0 0 230 
126 0 42 128 0 19 162 0 65 5 211 174 60 2 60 61 62 6 26 46 119 120 99 217 55 66 45 49 35 73 74 0 0 122 196 76 0 0 122 196 78 255 2 0 0 241 
126 0 42 128 0 19 162 0 65 5 211 174 60 2 60 61 62 6 26 46 119 120 99 217 55 66 45 49 35 74 74 0 0 122 196 76 0 0 122 196 78 250 2 0 0 245 
126 0 42 128 0 19 162 0 65 5 211 174 60 2 60 61 62 6 26 46 119 120 99 217 55 66 45 49 35 75 74 0 0 122 196 76 0 0 122 196 78 242 2 0 0 252 
126 0 42 128 0 19 162 0 65 5 211 174 60 2 60 61 62 6 26 46 119 120 99 217 55 66 45 49 35 76 74 0 0 122 196 76 0 0 122 196 78 242 2 0 0 251 
126 0 42 128 0 19 162 0 65 5 211 174 60 2 60 61 62 6 26 46 119 120 99 217 55 66 45 49 35 77 74 0 0 122 196 76 0 0 122 196 78 237 2 0 0 255 
126 0 42 128 0 19 162 0 65 5 211 174 60 2 60 61 62 6 26 46 119 120 99 217 55 66 45 49 35 78 74 0 0 122 196 76 0 0 122 196 78 235 2 0 0 0 
126 0 42 128 0 19 162 0 65 5 211 174 60 2 60 61 62 6 26 46 119 120 99 217 55 66 45 49 35 79 74 0 0 122 196 76 0 0 122 196 78 233 2 0 0 1 
126 0 42 128 0 19 162 0 65 5 211 174 60 2 60 61 62 6 26 46 119 120 99 217 55 66 45 49 35 80 74 0 0 122 196 76 0 0 122 196 78 229 2 0 0 4 
126 0 42 128 0 19 162 0 65 5 211 174 60 2 60 61 62 6 26 46 119 120 99 217 55 66 45 49 35 81 74 0 0 122 196 76 0 0 122 196 78 225 2 0 0 7 
126 0 42 128 0 19 162 0 65 5 211 174 60 2 60 61 62 6 26 46 119 120 99 217 55 66 45 49 35 82 74 0 0 122 196 76 0 0 122 196 78 222 2 0 0 9 
126 0 42 128 0 19 162 0 65 5 211 174 60 2 60 61 62 6 26 46 119 120 99 217 55 66 45 49 35 83 74 0 0 122 196 76 0 0 122 196 78 219 2 0 0 11 
126 0 42 128 0 19 162 0 65 5 211 174 60 2 60 61 62 6 26 46 119 120 99 217 55 66 45 49 35 84 74 0 0 122 196 76 0 0 122 196 78 216 2 0 0 13 
126 0 42 128 0 19 162 0 65 5 211 174 60 2 60 61 62 6 26 46 119 120 99 217 55 66 45 49 35 85 74 0 0 122 196 76 0 0 122 196 78 215 2 0 0 13 
126 0 42 128 0 19 162 0 65 5 211 174 60 2 60 61 62 6 26 46 119 120 99 217 55 66 45 49 35 86 74 0 0 122 196 76 0 0 122 196 78 215 2 0 0 12 
126 0 42 128 0 19 162 0 65 5 211 174 60 2 60 61 62 6 26 46 119 120 99 217 55 66 45 49 35 87 74 0 0 122 196 76 0 0 122 196 78 215 2 0 0 11 
126 0 42 128 0 19 162 0 65 5 211 174 60 2 60 61 62 6 26 46 119 120 99 217 55 66 45 49 35 88 74 0 0 122 196 76 0 0 122 196 78 218 2 0 0 7 
126 0 42 128 0 19 162 0 65 5 211 174 60 2 60 61 62 6 26 46 119 120 99 217 55 66 45 49 35 90 74 0 0 122 196 76 0 0 122 196 78 231 2 0 0 248 
126 0 42 128 0 19 162 0 65 5 211 174 60 2 60 61 62 6 26 46 119 120 99 217 55 66 45 49 35 91 74 0 0 122 196 76 0 0 122 196 78 240 2 0 0 238 
126 0 42 128 0 19 162 0 65 5 211 174 60 2 60 61 62 6 26 46 119 120 99 217 55 66 45 49 35 92 74 0 0 122 196 76 0 0 122 196 78 245 2 0 0 232 
126 0 42 128 0 19 162 0 65 5 211 174 60 2 60 61 62 6 26 46 119 120 99 217 55 66 45 49 35 93 74 0 0 122 196 76 0 0 122 196 78 243 2 0 0 233 
126 0 42 128 0 19 162 0 65 5 211 174 60 2 60 61 62 6 26 46 119 120 99 217 55 66 45 49 35 94 74 0 0 122 196 76 0 0 122 196 78 244 2 0 0 231 
126 0 42 128 0 19 162 0 65 5 211 174 60 2 60 61 62 6 26 46 119 120 99 217 55 66 45 49 35 95 74 0 0 122 196 76 0 0 122 196 78 246 2 0 0 228 
126 0 42 128 0 19 162 0 65 5 211 174 60 2 60 61 62 6 26 46 119 120 99 217 55 66 45 49 35 96 74 0 0 122 196 76 0 0 122 196 78 255 2 0 0 218 
126 0 42 128 0 19 162 0 65 5 211 174 60 2 60 61 62 6 26 46 119 120 99 217 55 66 45 49 35 97 74 0 0 122 196 76 0 0 122 196 78 13 3 0 0 202 
126 0 42 128 0 19 162 0 65 5 211 174 60 2 60 61 62 6 26 46 119 120 99 217 55 66 45 49 35 98 74 0 0 122 196 76 0 0 122 196 78 25 3 0 0 189 
126 0 42 128 0 19 162 0 65 5 211 174 60 2 60 61 62 6 26 46 119 120 99 217 55 66 45 49 35 99 74 0 0 122 196 76 0 0 122 196 78 30 3 0 0 183 
126 0 42 128 0 19 162 0 65 5 211 174 60 2 60 61 62 6 26 46 119 120 99 217 55 66 45 49 35 100 74 0 0 122 196 76 0 0 122 196 78 31 3 0 0 181 
126 0 42 128 0 19 162 0 65 5 211 174 60 2 60 61 62 6 26 46 119 120 99 217 55 66 45 49 35 101 74 0 0 122 196 76 0 0 122 196 78 34 3 0 0 177 
126 0 42 128 0 19 162 0 65 5 211 174 60 2 60 61 62 6 26 46 119 120 99 217 55 66 45 49 35 102 74 0 0 122 196 76 0 0 122 196 78 44 3 0 0 166 
126 0 42 128 0 19 162 0 65 5 211 174 60 2 60 61 62 6 26 46 119 120 99 217 55 66 45 49 35 103 74 0 0 122 196 76 0 0 122 196 78 48 3 0 0 161 
126 0 42 128 0 19 162 0 65 5 211 174 60 2 60 61 62 6 26 46 119 120 99 217 55 66 45 49 35 104 74 0 0 122 196 76 0 0 122 196 78 55 3 0 0 153 
126 0 42 128 0 19 162 0 65 5 211 174 60 2 60 61 62 6 26 46 119 120 99 217 55 66 45 49 35 105 74 0 0 122 196 76 0 0 122 196 78 71 3 0 0 136 
126 0 42 128 0 19 162 0 65 5 211 174 60 2 60 61 62 6 26 46 119 120 99 217 55 66 45 49 35 106 74 0 0 122 196 76 0 0 122 196 78 78 3 0 0 128 
126 0 42 128 0 19 162 0 65 5 211 174 60 2 60 61 62 6 26 46 119 120 99 217 55 66 45 49 35 107 74 0 0 122 196 76 0 0 122 196 78 73 3 0 0 132 
126 0 42 128 0 19 162 0 65 5 211 174 60 2 60 61 62 6 26 46 119 120 99 217 55 66 45 49 35 108 74 0 0 122 196 76 0 0 122 196 78 72 3 0 0 132 
126 0 42 128 0 19 162 0 65 5 211 174 60 2 60 61 62 6 26 46 119 120 99 217 55 66 45 49 35 109 74 0 0 122 196 76 0 0 122 196 78 73 3 0 0 130 
126 0 42 128 0 19 162 0 65 5 211 174 60 2 60 61 62 6 26 46 119 120 99 217 55 66 45 49 35 110 74 0 0 122 196 76 0 0 122 196 78 73 3 0 0 129 
126 0 42 128 0 19 162 0 65 5 211 174 60 2 60 61 62 6 26 46 119 120 99 217 55 66 45 49 35 111 74 0 0 122 196 76 0 0 122 196 78 76 3 0 0 125 
126 0 42 128 0 19 162 0 65 5 211 174 60 2 60 61 62 6 26 46 119 120 99 217 55 66 45 49 35 112 74 0 0 122 196 76 0 0 122 196 78 76 3 0 0 124 
126 0 42 128 0 19 162 0 65 5 211 174 60 2 60 61 62 6 26 46 119 120 99 217 55 66 45 49 35 113 74 0 0 122 196 76 0 0 122 196 78 87 3 0 0 112 
126 0 42 128 0 19 162 0 65 5 211 174 60 2 60 61 62 6 26 46 119 120 99 217 55 66 45 49 35 114 74 0 0 122 196 76 0 0 122 196 78 91 3 0 0 107 
126 0 42 128 0 19 162 0 65 5 211 174 60 2 60 61 62 6 26 46 119 120 99 217 55 66 45 49 35 115 74 0 0 122 196 76 0 0 122 196 78 98 3 0 0 99 
126 0 42 128 0 19 162 0 65 5 211 174 60 2 60 61 62 6 26 46 119 120 99 217 55 66 45 49 35 116 74 0 0 122 196 76 0 0 122 196 78 91 3 0 0 105 
126 0 42 128 0 19 162 0 65 5 211 174 60 2 60 61 62 6 26 46 119 120 99 217 55 66 45 49 35 117 74 0 0 122 196 76 0 0 122 196 78 80 3 0 0 115 
126 0 42 128 0 19 162 0 65 5 211 174 60 2 60 61 62 6 26 46 119 120 99 217 55 66 45 49 35 118 74 0 0 122 196 76 0 0 122 196 78 58 3 0 0 136 
126 0 42 128 0 19 162 0 65 5 211 174 60 2 60 61 62 6 26 46 119 120 99 217 55 66 45 49 35 119 74 0 0 122 196 76 0 0 122 196 78 33 3 0 0 160 
126 0 42 128 0 19 162 0 65 5 211 174 60 2 60 61 62 6 26 46 119 120 99 217 55 66 45 49 35 120 74 0 0 122 196 76 0 0 122 196 78 14 3 0 0 178 
126 0 42 128 0 19 162 0 65 5 211 174 60 2 60 61 62 6 26 46 119 120 99 217 55 66 45 49 35 121 74 0 0 122 196 76 0 0 122 196 78 2 3 0 0 189 
126 0 42 128 0 19 162 0 65 5 211 174 60 2 60 61 62 6 26 46 119 120 99 217 55 66 45 49 35 122 74 0 0 122 196 76 0 0 122 196 78 252 2 0 0 195 
126 0 42 128 0 19 162 0 65 5 211 174 60 2 60 61 62 6 26 46 119 120 99 217 55 66 45 49 35 123 74 0 0 122 196 76 0 0 122 196 78 247 2 0 0 199 
126 0 42 128 0 19 162 0 65 5 211 174 60 2 60 61 62 6 26 46 119 120 99 217 55 66 45 49 35 124 74 0 0 122 196 76 0 0 122 196 78 239 2 0 0 206 
126 0 42 128 0 19 162 0 65 5 211 174 60 2 60 61 62 6 26 46 119 120 99 217 55 66 45 49 35 125 74 0 0 122 196 76 0 0 122 196 78 230 2 0 0 214 
126 0 42 128 0 19 162 0 65 5 211 174 60 2 60 61 62 6 26 46 119 120 99 217 55 66 45 49 35 126 74 0 0 122 196 76 0 0 122 196 78 238 2 0 0 205 
126 0 42 128 0 19 162 0 65 5 211 174 60 2 60 61 62 6 26 46 119 120 99 217 55 66 45 49 35 127 74 0 0 122 196 76 0 0 122 196 78 229 2 0 0 213 
126 0 42 128 0 19 162 0 65 5 211 174 60 2 60 61 62 6 26 46 119 120 99 217 55 66 45 49 35 128 74 0 0 122 196 76 0 0 122 196 78 214 2 0 0 227 
126 0 42 128 0 19 162 0 65 5 211 174 60 2 60 61 62 6 26 46 119 120 99 217 55 66 45 49 35 129 74 0 0 122 196 76 0 0 122 196 78 224 2 0 0 216 
126 0 42 128 0 19 162 0 65 5 211 174 60 2 60 61 62 6 26 46 119 120 99 217 55 66 45 49 35 130 74 0 0 122 196 76 0 0 122 196 78 235 2 0 0 204 
126 0 42 128 0 19 162 0 65 5 211 174 60 2 60 61 62 6 26 46 119 120 99 217 55 66 45 49 35 131 74 0 0 122 196 76 0 0 122 196 78 253 2 0 0 185 
126 0 42 128 0 19 162 0 65 5 211 174 60 2 60 61 62 6 26 46 119 120 99 217 55 66 45 49 35 132 74 0 0 122 196 76 0 0 122 196 78 243 2 0 0 194 
126 0 42 128 0 19 162 0 65 5 211 174 60 2 60 61 62 6 26 46 119 120 99 217 55 66 45 49 35 133 74 0 0 122 196 76 0 0 122 196 78 242 2 0 0 194 
126 0 42 128 0 19 162 0 65 5 211 174 60 2 60 61 62 6 26 46 119 120 99 217 55 66 45 49 35 134 74 0 0 122 196 76 0 0 122 196 78 254 2 0 0 181 
126 0 42 128 0 19 162 0 65 5 211 174 60 2 60 61 62 6 26 46 119 120 99 217 55 66 45 49 35 135 74 0 0 122 196 76 0 0 122 196 78 235 2 0 0 199 
126 0 42 128 0 19 162 0 65 5 211 174 60 2 60 61 62 6 26 46 119 120 99 217 55 66 45 49 35 136 74 0 0 122 196 76 0 0 122 196 78 252 2 0 0 181 
126 0 42 128 0 19 162 0 65 5 211 174 60 2 60 61 62 6 26 46 119 120 99 217 55 66 45 49 35 137 74 0 0 122 196 76 0 0 122 196 78 17 3 0 0 158 
126 0 42 128 0 19 162 0 65 5 211 174 60 2 60 61 62 6 26 46 119 120 99 217 55 66 45 49 35 138 74 0 0 122 196 76 0 0 122 196 78 54 3 0 0 120 
126 0 42 128 0 19 162 0 65 5 211 174 60 2 60 61 62 6 26 46 119 120 99 217 55 66 45 49 35 139 74 0 0 122 196 76 0 0 122 196 78 82 3 0 0 91 
126 0 42 128 0 19 162 0 65 5 211 174 60 2 60 61 62 6 26 46 119 120 99 217 55 66 45 49 35 140 74 0 0 122 196 76 0 0 122 196 78 98 3 0 0 74 
126 0 42 128 0 19 162 0 65 5 211 174 60 2 60 61 62 6 26 46 119 120 99 217 55 66 45 49 35 141 74 0 0 122 196 76 0 0 122 196 78 114 3 0 0 57 
126 0 42 128 0 19 162 0 65 5 211 174 60 2 60 61 62 6 26 46 119 120 99 217 55 66 45 49 35 142 74 0 0 122 196 76 0 0 122 196 78 130 3 0 0 40 
126 0 42 128 0 19 162 0 65 5 211 174 60 2 60 61 62 6 26 46 119 120 99 217 55 66 45 49 35 143 74 0 0 122 196 76 0 0 122 196 78 166 3 0 0 3 
126 0 42 128 0 19 162 0 65 5 211 174 60 2 60 61 62 6 26 46 119 120 99 217 55 66 45 49 35 144 74 0 0 122 196 76 0 0 122 196 78 165 3 0 0 3 
126 0 42 128 0 19 162 0 65 5 211 174 60 2 60 61 62 6 26 46 119 120 99 217 55 66 45 49 35 145 74 0 0 122 196 76 0 0 122 196 78 162 3 0 0 5 
126 0 42 128 0 19 162 0 65 5 211 174 60 2 60 61 62 6 26 46 119 120 99 217 55 66 45 49 35 146 74 0 0 122 196 76 0 0 122 196 78 175 3 0 0 247 
126 0 42 128 0 19 162 0 65 5 211 174 60 2 60 61 62 6 26 46 119 120 99 217 55 66 45 49 35 147 74 0 0 122 196 76 0 0 122 196 78 176 3 0 0 245 
126 0 42 128 0 19 162 0 65 5 211 174 60 2 60 61 62 6 26 46 119 120 99 217 55 66 45 49 35 148 74 0 0 122 196 76 0 0 122 196 78 193 3 0 0 227 
126 0 42 128 0 19 162 0 65 5 211 174 60 2 60 61 62 6 26 46 119 120 99 217 55 66 45 49 35 149 74 0 0 122 196 76 0 0 122 196 78 189 3 0 0 230 
126 0 42 128 0 19 162 0 65 5 211 174 60 2 60 61 62 6 26 46 119 120 99 217 55 66 45 49 35 150 74 0 0 122 196 76 0 0 122 196 78 203 3 0 0 215 
126 0 42 128 0 19 162 0 65 5 211 174 60 2 60 61 62 6 26 46 119 120 99 217 55 66 45 49 35 151 74 0 0 122 196 76 0 0 122 196 78 208 3 0 0 209 
126 0 42 128 0 19 162 0 65 5 211 174 60 2 60 61 62 6 26 46 119 120 99 217 55 66 45 49 35 152 74 0 0 122 196 76 0 0 122 196 78 192 3 0 0 224 
126 0 42 128 0 19 162 0 65 5 211 174 60 2 60 61 62 6 26 46 119 120 99 217 55 66 45 49 35 153 74 0 0 122 196 76 0 0 122 196 78 182 3 0 0 233 
126 0 42 128 0 19 162 0 65 5 211 174 60 2 60 61 62 6 26 46 119 120 99 217 55 66 45 49 35 154 74 0 0 122 196 76 0 0 122 196 78 185 3 0 0 229 
126 0 42 128 0 19 162 0 65 5 211 174 60 2 60 61 62 6 26 46 119 120 99 217 55 66 45 49 35 155 74 0 0 122 196 76 0 0 122 196 78 198 3 0 0 215 
126 0 42 128 0 19 162 0 65 5 211 174 60 2 60 61 62 6 26 46 119 120 99 217 55 66 45 49 35 156 74 0 0 122 196 76 0 0 122 196 78 199 3 0 0 213 
126 0 42 128 0 19 162 0 65 5 211 174 60 2 60 61 62 6 26 46 119 120 99 217 55 66 45 49 35 157 74 0 0 122 196 76 0 0 122 196 78 218 3 0 0 193 
126 0 42 128 0 19 162 0 65 5 211 174 60 2 60 61 62 6 26 46 119 120 99 217 55 66 45 49 35 158 74 0 0 122 196 76 0 0 122 196 78 228 3 0 0 182 
126 0 42 128 0 19 162 0 65 5 211 174 60 2 60 61 62 6 26 46 119 120 99 217 55 66 45 49 35 159 74 0 0 122 196 76 0 0 122 196 78 232 3 0 0 177 
126 0 42 128 0 19 162 0 65 5 211 174 60 2 60 61 62 6 26 46 119 120 99 217 55 66 45 49 35 160 74 0 0 122 196 76 0 0 122 196 78 229 3 0 0 179 
126 0 42 128 0 19 162 0 65 5 211 174 60 2 60 61 62 6 26 46 119 120 99 217 55 66 45 49 35 161 74 0 0 122 196 76 0 0 122 196 78 244 3 0 0 163 
126 0 42 128 0 19 162 0 65 5 211 174 60 2 60 61 62 6 26 46 119 120 99 217 55 66 45 49 35 162 74 0 0 122 196 76 0 0 122 196 78 247 3 0 0 159 
126 0 42 128 0 19 162 0 65 5 211 174 60 2 60 61 62 6 26 46 119 120 99 217 55 66 45 49 35 163 74 0 0 122 196 76 0 0 122 196 78 224 3 0 0 181 
126 0 42 128 0 19 162 0 65 5 211 174 60 2 60 61 62 6 26 46 119 120 99 217 55 66 45 49 35 164 74 0 0 122 196 76 0 0 122 196 78 219 3 0 0 185 
126 0 42 128 0 19 162 0 65 5 211 174 60 2 60 61 62 6 26 46 119 120 99 217 55 66 45 49 35 165 74 0 0 122 196 76 0 0 122 196 78 212 3 0 0 191 
126 0 42 128 0 19 162 0 65 5 211 174 60 2 60 61 62 6 26 46 119 120 99 217 55 66 45 49 35 166 74 0 0 122 196 76 0 0 122 196 78 217 3 0 0 185 
126 0 42 128 0 19 162 0 65 5 211 174 60 2 60 61 62 6 26 46 119 120 99 217 55 66 45 49 35 167 74 0 0 122 196 76 0 0 122 196 78 209 3 0 0 192 
126 0 42 128 0 19 162 0 65 5 211 174 60 2 60 61 62 6 26 46 119 120 99 217 55 66 45 49 35 168 74 0 0 122 196 76 0 0 122 196 78 202 3 0 0 198 
126 0 42 128 0 19 162 0 65 5 211 174 60 2 60 61 62 6 26 46 119 120 99 217 55 66 45 49 35 169 74 0 0 122 196 76 0 0 122 196 78 192 3 0 0 207 
126 0 42 128 0 19 162 0 65 5 211 174 60 2 60 61 62 6 26 46 119 120 99 217 55 66 45 49 35 170 74 0 0 122 196 76 0 0 122 196 78 173 3 0 0 225 
126 0 42 128 0 19 162 0 65 5 211 174 60 2 60 61 62 6 26 46 119 120 99 217 55 66 45 49 35 171 74 0 0 122 196 76 0 0 122 196 78 139 3 0 0 2 
126 0 42 128 0 19 162 0 65 5 211 174 60 2 60 61 62 6 26 46 119 120 99 217 55 66 45 49 35 172 74 0 0 122 196 76 0 0 122 196 78 131 3 0 0 9 
126 0 42 128 0 19 162 0 65 5 211 174 60 2 60 61 62 6 26 46 119 120 99 217 55 66 45 49 35 173 74 0 0 122 196 76 0 0 122 196 78 110 3 0 0 29 
126 0 42 128 0 19 162 0 65 5 211 174 60 2 60 61 62 6 26 46 119 120 99 217 55 66 45 49 35 174 74 0 0 122 196 76 0 0 122 196 78 133 3 0 0 5 
126 0 42 128 0 19 162 0 65 5 211 174 60 2 60 61 62 6 26 46 119 120 99 217 55 66 45 49 35 175 74 0 0 122 196 76 0 0 122 196 78 150 3 0 0 243 
126 0 42 128 0 19 162 0 65 5 211 174 60 2 60 61 62 6 26 46 119 120 99 217 55 66 45 49 35 176 74 0 0 122 196 76 0 0 122 196 78 158 3 0 0 234 
126 0 42 128 0 19 162 0 65 5 211 174 60 2 60 61 62 6 26 46 119 120 99 217 55 66 45 49 35 177 74 0 0 122 196 76 0 0 122 196 78 161 3 0 0 230 
126 0 42 128 0 19 162 0 65 5 211 174 60 2 60 61 62 6 26 46 119 120 99 217 55 66 45 49 35 178 74 0 0 122 196 76 0 0 122 196 78 165 3 0 0 225 
126 0 42 128 0 19 162 0 65 5 211 174 60 2 60 61 62 6 26 46 119 120 99 217 55 66 45 49 35 179 74 0 0 122 196 76 0 0 122 196 78 163 3 0 0 226 
126 0 42 128 0 19 162 0 65 5 211 174 60 2 60 61 62 6 26 46 119 120 99 217 55 66 45 49 35 180 74 0 0 122 196 76 0 0 122 196 78 164 3 0 0 224 
126 0 42 128 0 19 162 0 65 5 211 174 60 2 60 61 62 6 26 46 119 120 99 217 55 66 45 49 35 181 74 0 0 122 196 76 0 0 122 196 78 172 3 0 0 215 
126 0 42 128 0 19 162 0 65 5 211 174 60 2 60 61 62 6 26 46 119 120 99 217 55 66 45 49 35 182 74 0 0 122 196 76 0 0 122 196 78 179 3 0 0 207 
126 0 42 128 0 19 162 0 65 5 211 174 60 2 60 61 62 6 26 46 119 120 99 217 55 66 45 49 35 183 74 0 0 122 196 76 0 0 122 196 78 176 3 0 0 209 
126 0 42 128 0 19 162 0 65 5 211 174 60 2 60 61 62 6 26 46 119 120 99 217 55 66 45 49 35 184 74 0 0 122 196 76 0 0 122 196 78 184 3 0 0 200 
126 0 42 128 0 19 162 0 65 5 211 174 60 2 60 61 62 6 26 46 119 120 99 217 55 66 45 49 35 185 74 0 0 122 196 76 0 0 122 196 78 188 3 0 0 195 
126 0 42 128 0 19 162 0 65 5 211 174 60 2 60 61 62 6 26 46 119 120 99 217 55 66 45 49 35 186 74 0 0 122 196 76 0 0 122 196 78 209 3 0 0 173 
126 0 42 128 0 19 162 0 65 5 211 174 60 2 60 61 62 6 26 46 119 120 99 217 55 66 45 49 35 187 74 0 0 122 196 76 0 0 122 196 78 232 3 0 0 149 
126 0 42 128 0 19 162 0 65 5 211 174 60 2 60 61 62 6 26 46 119 120 99 217 55 66 45 49 35 188 74 0 0 122 196 76 0 0 122 196 78 236 3 0 0 144 
126 0 42 128 0 19 162 0 65 5 211 174 60 2 60 61 62 6 26 46 119 120 99 217 55 66 45 49 35 189 74 0 0 122 196 76 0 0 122 196 78 227 3 0 0 152 
126 0 42 128 0 19 162 0 65 5 211 174 60 2 60 61 62 6 26 46 119 120 99 217 55 66 45 49 35 190 74 0 0 122 196 76 0 0 122 196 78 239 3 0 0 139 
126 0 42 128 0 19 162 0 65 5 211 174 60 2 60 61 62 6 26 46 119 120 99 217 55 66 45 49 35 191 74 0 0 122 196 76 0 0 122 196 78 220 3 0 0 157 
126 0 42 128 0 19 162 0 65 5 211 174 60 2 60 61 62 6 26 46 119 120 99 217 55 66 45 49 35 192 74 0 0 122 196 76 0 0 122 196 78 221 3 0 0 155 
126 0 42 128 0 19 162 0 65 5 211 174 60 2 60 61 62 6 26 46 119 120 99 217 55 66 45 49 35 193 74 0 0 122 196 76 0 0 122 196 78 219 3 0 0 156 
126 0 42 128 0 19 162 0 65 5 211 174 60 2 60 61 62 6 26 46 119 120 99 217 55 66 45 49 35 194 74 0 0 122 196 76 0 0 122 196 78 209 3 0 0 165 
126 0 42 128 0 19 162 0 65 5 211 174 60 2 60 61 62 6 26 46 119 120 99 217 55 66 45 49 35 195 74 0 0 122 196 76 0 0 122 196 78 208 3 0 0 165 
126 0 42 128 0 19 162 0 65 5 211 174 60 2 60 61 62 6 26 46 119 120 99 217 55 66 45 49 35 196 74 0 0 122 196 76 0 0 122 196 78 208 3 0 0 164 
126 0 42 128 0 19 162 0 65 5 211 174 60 2 60 61 62 6 26 46 119 120 99 217 55 66 45 49 35 197 74 0 0 122 196 76 0 0 122 196 78 218 3 0 0 153 
126 0 42 128 0 19 162 0 65 5 211 174 60 2 60 61 62 6 26 46 119 120 99 217 55 66 45 49 35 198 74 0 0 122 196 76 0 0 122 196 78 204 3 0 0 166 
126 0 42 128 0 19 162 0 65 5 211 174 60 2 60 61 62 6 26 46 119 120 99 217 55 66 45 49 35 199 74 0 0 122 196 76 0 0 122 196 78 199 3 0 0 170 
126 0 42 128 0 19 162 0 65 5 211 174 60 2 60 61 62 6 26 46 119 120 99 217 55 66 45 49 35 200 74 0 0 122 196 76 0 0 122 196 78 199 3 0 0 169 
126 0 42 128 0 19 162 0 65 5 211 174 60 2 60 61 62 6 26 46 119 120 99 217 55 66 45 49 35 201 74 0 0 122 196 76 0 0 122 196 78 210 3 0 0 157 
126 0 42 128 0 19 162 0 65 5 211 174 60 2 60 61 62 6 26 46 119 120 99 217 55 66 45 49 35 202 74 0 0 122 196 76 0 0 122 196 78 205 3 0 0 161 
126 0 42 128 0 19 162 0 65 5 211 174 60 2 60 61 62 6 26 46 119 120 99 217 55 66 45 49 35 203 74 0 0 122 196 76 0 0 122 196 78 202 3 0 0 163 
126 0 42 128 0 19 162 0 65 5 211 174 60 2 60 61 62 6 26 46 119 120 99 217 55 66 45 49 35 204 74 0 0 122 196 76 0 0 122 196 78 223 3 0 0 141 
126 0 42 128 0 19 162 0 65 5 211 174 60 2 60 61 62 6 26 46 119 120 99 217 55 66 45 49 35 205 74 0 0 122 196 76 0 0 122 196 78 221 3 0 0 142 
126 0 42 128 0 19 162 0 65 5 211 174 60 2 60 61 62 6 26 46 119 120 99 217 55 66 45 49 35 206 74 0 0 122 196 76 0 0 122 196 78 211 3 0 0 151 
126 0 42 128 0 19 162 0 65 5 211 174 60 2 60 61 62 6 26 46 119 120 99 217 55 66 45 49 35 207 74 0 0 122 196 76 0 0 122 196 78 198 3 0 0 163 
126 0 42 128 0 19 162 0 65 5 211 174 60 2 60 61 62 6 26 46 119 120 99 217 55 66 45 49 35 208 74 0 0 122 196 76 0 0 122 196 78 198 3 0 0 162 
126 0 42 128 0 19 162 0 65 5 211 174 60 2 60 61 62 6 26 46 119 120 99 217 55 66 45 49 35 209 74 0 0 122 196 76 0 0 122 196 78 198 3 0 0 161 
126 0 42 128 0 19 162 0 65 5 211 174 60 2 60 61 62 6 26 46 119 120 99 217 55 66 45 49 35 210 74 0 0 122 196 76 0 0 122 196 78 198 3 0 0 160 
126 0 42 128 0 19 162 0 65 5 211 174 60 2 60 61 62 6 26 46 119 120 99 217 55 66 45 49 35 211 74 0 0 122 196 76 0 0 122 196 78 197 3 0 0 160 
126 0 42 128 0 19 162 0 65 5 211 174 60 2 60 61 62 6 26 46 119 120 99 217 55 66 45 49 35 212 74 0 0 122 196 76 0 0 122 196 78 187 3 0 0 169 
126 0 42 128 0 19 162 0 65 5 211 174 60 2 60 61 62 6 26 46 119 120 99 217 55 66 45 49 35 213 74 0 0 122 196 76 0 0 122 196 78 173 3 0 0 182 
126 0 42 128 0 19 162 0 65 5 211 174 60 2 60 61 62 6 26 46 119 120 99 217 55 66 45 49 35 214 74 0 0 122 196 76 0 0 122 196 78 151 3 0 0 203 
126 0 42 128 0 19 162 0 65 5 211 174 60 2 60 61 62 6 26 46 119 120 99 217 55 66 45 49 35 215 74 0 0 122 196 76 0 0 122 196 78 112 3 0 0 241 
126 0 42 128 0 19 162 0 65 5 211 174 60 2 60 61 62 6 26 46 119 120 99 217 55 66 45 49 35 216 74 0 0 122 196 76 0 0 122 196 78 64 3 0 0 32 
126 0 42 128 0 19 162 0 65 5 211 174 60 2 60 61 62 6 26 46 119 120 99 217 55 66 45 49 35 217 74 0 0 122 196 76 0 0 122 196 78 49 3 0 0 46 
126 0 42 128 0 19 162 0 65 5 211 174 60 2 60 61 62 6 26 46 119 120 99 217 55 66 45 49 35 218 74 0 0 122 196 76 0 0 122 196 78 46 3 0 0 48 
126 0 42 128 0 19 162 0 65 5 211 174 60 2 60 61 62 6 26 46 119 120 99 217 55 66 45 49 35 219 74 0 0 122 196 76 0 0 122 196 78 25 3 0 0 68 
126 0 42 128 0 19 162 0 65 5 211 174 60 2 60 61 62 6 26 46 119 120 99 217 55 66 45 49 35 220 74 0 0 122 196 76 0 0 122 196 78 239 2 0 0 110 
126 0 42 128 0 19 162 0 65 5 211 174 60 2 60 61 62 6 26 46 119 120 99 217 55 66 45 49 35 221 74 0 0 122 196 76 0 0 122 196 78 210 2 0 0 138 
126 0 42 128 0 19 162 0 65 5 211 174 60 2 60 61 62 6 26 46 119 120 99 217 55 66 45 49 35 222 74 0 0 122 196 76 0 0 122 196 78 196 2 0 0 151 
126 0 42 128 0 19 162 0 65 5 211 174 60 2 60 61 62 6 26 46 119 120 99 217 55 66 45 49 35 223 74 0 0 122 196 76 0 0 122 196 78 184 2 0 0 162 
126 0 42 128 0 19 162 0 65 5 211 174 60 2 60 61 62 6 26 46 119 120 99 217 55 66 45 49 35 224 74 0 0 122 196 76 0 0 122 196 78 169 2 0 0 176 
126 0 42 128 0 19 162 0 65 5 211 174 60 2 60 61 62 6 26 46 119 120 99 217 55 66 45 49 35 225 74 0 0 122 196 76 0 0 122 196 78 142 2 0 0 202 
126 0 42 128 0 19 162 0 65 5 211 174 60 2 60 61 62 6 26 46 119 120 99 217 55 66 45 49 35 226 74 0 0 122 196 76 0 0 122 196 78 113 2 0 0 230 
126 0 42 128 0 19 162 0 65 5 211 174 60 2 60 61 62 6 26 46 119 120 99 217 55 66 45 49 35 227 74 0 0 122 196 76 0 0 122 196 78 94 2 0 0 248 
126 0 42 128 0 19 162 0 65 5 211 174 60 2 60 61 62 6 26 46 119 120 99 217 55 66 45 49 35 228 74 0 0 122 196 76 0 0 122 196 78 76 2 0 0 9 
126 0 42 128 0 19 162 0 65 5 211 174 60 2 60 61 62 6 26 46 119 120 99 217 55 66 45 49 35 229 74 0 0 122 196 76 0 0 122 196 78 55 2 0 0 29 
126 0 42 128 0 19 162 0 65 5 211 174 60 2 60 61 62 6 26 46 119 120 99 217 55 66 45 49 35 230 74 0 0 122 196 76 0 0 122 196 78 40 2 0 0 43 
126 0 42 128 0 19 162 0 65 5 211 174 60 2 60 61 62 6 26 46 119 120 99 217 55 66 45 49 35 231 74 0 0 122 196 76 0 0 122 196 78 35 2 0 0 47 
126 0 42 128 0 19 162 0 65 5 211 174 60 2 60 61 62 6 26 46 119 120 99 217 55 66 45 49 35 232 74 0 0 122 196 76 0 0 122 196 78 37 2 0 0 44 
126 0 42 128 0 19 162 0 65 5 211 174 60 2 60 61 62 6 26 46 119 120 99 217 55 66 45 49 35 233 74 0 0 122 196 76 0 0 122 196 78 40 2 0 0 40 
126 0 42 128 0 19 162 0 65 5 211 174 60 2 60 61 62 6 26 46 119 120 99 217 55 66 45 49 35 234 74 0 0 122 196 76 0 0 122 196 78 38 2 0 0 41 
126 0 42 128 0 19 162 0 65 5 211 174 60 2 60 61 62 6 26 46 119 120 99 217 55 66 45 49 35 235 74 0 0 122 196 76 0 0 122 196 78 31 2 0 0 47 
126 0 42 128 0 19 162 0 65 5 211 174 60 2 60 61 62 6 26 46 119 120 99 217 55 66 45 49 35 236 74 0 0 122 196 76 0 0 122 196 78 162 0 0 0 173 
126 0 42 128 0 19 162 0 65 5 211 174 60 2 60 61 62 6 26 46 119 120 99 217 55 66 45 49 35 237 74 0 0 122 196 76 0 0 122 196 78 162 0 0 0 172 
126 0 42 128 0 19 162 0 65 5 211 174 60 2 60 61 62 6 26 46 119 120 99 217 55 66 45 49 35 238 74 0 0 122 196 76 0 0 122 196 78 162 0 0 0 171 
126 0 42 128 0 19 162 0 65 5 211 174 60 2 60 61 62 6 26 46 119 120 99 217 55 66 45 49 35 239 74 0 0 122 196 76 0 0 122 196 78 164 0 0 0 168 
126 0 42 128 0 19 162 0 65 5 211 174 60 2 60 61 62 6 26 46 119 120 99 217 55 66 45 49 35 240 74 0 0 122 196 76 0 0 122 196 78 167 0 0 0 164 
126 0 42 128 0 19 162 0 65 5 211 174 60 2 60 61 62 6 26 46 119 120 99 217 55 66 45 49 35 241 74 0 0 122 196 76 0 0 122 196 78 167 0 0 0 163 
126 0 42 128 0 19 162 0 65 5 211 174 60 2 60 61 62 6 26 46 119 120 99 217 55 66 45 49 35 242 74 0 0 122 196 76 0 0 122 196 78 165 0 0 0 164 
126 0 42 128 0 19 162 0 65 5 211 174 60 2 60 61 62 6 26 46 119 120 99 217 55 66 45 49 35 243 74 0 0 122 196 76 0 0 122 196 78 163 0 0 0 165 
126 0 42 128 0 19 162 0 65 5 211 174 60 2 60 61 62 6 26 46 119 120 99 217 55 66 45 49 35 244 74 0 0 122 196 76 0 0 122 196 78 162 0 0 0 165 
126 0 42 128 0 19 162 0 65 5 211 174 60 2 60 61 62 6 26 46 119 120 99 217 55 66 45 49 35 245 74 0 0 122 196 76 0 0 122 196 78 161 0 0 0 165 
126 0 42 128 0 19 162 0 65 5 211 174 60 2 60 61 62 6 26 46 119 120 99 217 55 66 45 49 35 246 74 0 0 122 196 76 0 0 122 196 78 159 0 0 0 166 
126 0 42 128 0 19 162 0 65 5 211 174 60 2 60 61 62 6 26 46 119 120 99 217 55 66 45 49 35 247 74 0 0 122 196 76 0 0 122 196 78 156 0 0 0 168 
126 0 42 128 0 19 162 0 65 5 211 174 60 2 60 61 62 6 26 46 119 120 99 217 55 66 45 49 35 248 74 0 0 122 196 76 0 0 122 196 78 151 0 0 0 172 
126 0 42 128 0 19 162 0 65 5 211 174 60 2 60 61 62 6 26 46 119 120 99 217 55 66 45 49 35 249 74 0 0 122 196 76 0 0 122 196 78 146 0 0 0 176 
126 0 42 128 0 19 162 0 65 5 211 174 60 2 60 61 62 6 26 46 119 120 99 217 55 66 45 49 35 250 74 0 0 122 196 76 0 0 122 196 78 142 0 0 0 179 
126 0 42 128 0 19 162 0 65 5 211 174 60 2 60 61 62 6 26 46 119 120 99 217 55 66 45 49 35 251 74 0 0 122 196 76 0 0 122 196 78 142 0 0 0 178 
126 0 42 128 0 19 162 0 65 5 211 174 60 2 60 61 62 6 26 46 119 120 99 217 55 66 45 49 35 252 74 0 0 122 196 76 0 0 122 196 78 145 0 0 0 174 
126 0 42 128 0 19 162 0 65 5 211 174 60 2 60 61 62 6 26 46 119 120 99 217 55 66 45 49 35 253 74 0 0 122 196 76 0 0 122 196 78 148 0 0 0 170 
126 0 42 128 0 19 162 0 65 5 211 174 60 2 60 61 62 6 26 46 119 120 99 217 55 66 45 49 35 254 74 0 0 122 196 76 0 0 122 196 78 148 0 0 0 169 
126 0 42 128 0 19 162 0 65 5 211 174 60 2 60 61 62 6 26 46 119 120 99 217 55 66 45 49 35 255 74 0 0 122 196 76 0 0 122 196 78 145 0 0 0 171 
126 0 42 128 0 19 162 0 65 5 211 174 60 2 60 61 62 6 26 46 119 120 99 217 55 66 45 49 35 0 74 0 0 122 196 76 0 0 122 196 78 143 0 0 0 172 
126 0 42 128 0 19 162 0 65 5 211 174 60 2 60 61 62 6 26 46 119 120 99 217 55 66 45 49 35 1 74 0 0 122 196 76 0 0 122 196 78 141 0 0 0 173 
126 0 42 128 0 19 162 0 65 5 211 174 60 2 60 61 62 6 26 46 119 120 99 217 55 66 45 49 35 2 74 0 0 122 196 76 0 0 122 196 78 139 0 0 0 174 
126 0 42 128 0 19 162 0 65 5 211 174 60 2 60 61 62 6 26 46 119 120 99 217 55 66 45 49 35 3 74 0 0 122 196 76 0 0 122 196 78 136 0 0 0 176 
126 0 42 128 0 19 162 0 65 5 211 174 60 2 60 61 62 6 26 46 119 120 99 217 55 66 45 49 35 4 74 0 0 122 196 76 0 0 122 196 78 133 0 0 0 178 
126 0 42 128 0 19 162 0 65 5 211 174 60 2 60 61 62 6 26 46 119 120 99 217 55 66 45 49 35 5 74 0 0 122 196 76 0 0 122 196 78 131 0 0 0 179 
126 0 42 128 0 19 162 0 65 5 211 174 60 2 60 61 62 6 26 46 119 120 99 217 55 66 45 49 35 6 74 0 0 122 196 76 0 0 122 196 78 128 0 0 0 181 
126 0 42 128 0 19 162 0 65 5 211 174 60 2 60 61 62 6 26 46 119 120 99 217 55 66 45 49 35 7 74 0 0 122 196 76 0 0 122 196 78 128 0 0 0 180 
126 0 42 128 0 19 162 0 65 5 211 174 60 2 60 61 62 6 26 46 119 120 99 217 55 66 45 49 35 8 74 0 0 122 196 76 0 0 122 196 78 129 0 0 0 178 
126 0 42 128 0 19 162 0 65 5 211 174 60 2 60 61 62 6 26 46 119 120 99 217 55 66 45 49 35 9 74 0 0 122 196 76 0 0 122 196 78 131 0 0 0 175 
126 0 42 128 0 19 162 0 65 5 211 174 60 2 60 61 62 6 26 46 119 120 99 217 55 66 45 49 35 10 74 0 0 122 196 76 0 0 122 196 78 134 0 0 0 171 
126 0 42 128 0 19 162 0 65 5 211 174 60 2 60 61 62 6 26 46 119 120 99 217 55 66 45 49 35 11 74 0 0 122 196 76 0 0 122 196 78 138 0 0 0 166 
126 0 42 128 0 19 162 0 65 5 211 174 60 2 60 61 62 6 26 46 119 120 99 217 55 66 45 49 35 12 74 0 0 122 196 76 0 0 122 196 78 141 0 0 0 162 
126 0 42 128 0 19 162 0 65 5 211 174 60 2 60 61 62 6 26 46 119 120 99 217 55 66 45 49 35 13 74 0 0 122 196 76 0 0 122 196 78 143 0 0 0 159 
126 0 42 128 0 19 162 0 65 5 211 174 60 2 60 61 62 6 26 46 119 120 99 217 55 66 45 49 35 14 74 0 0 122 196 76 0 0 122 196 78 145 0 0 0 156 
126 0 42 128 0 19 162 0 65 5 211 174 60 2 60 61 62 6 26 46 119 120 99 217 55 66 45 49 35 15 74 0 0 122 196 76 0 0 122 196 78 148 0 0 0 152 
126 0 42 128 0 19 162 0 65 5 211 174 60 2 60 61 62 6 26 46 119 120 99 217 55 66 45 49 35 16 74 0 0 122 196 76 0 0 122 196 78 151 0 0 0 148 
126 0 42 128 0 19 162 0 65 5 211 174 60 2 60 61 62 6 26 46 119 120 99 217 55 66 45 49 35 17 74 0 0 122 196 76 0 0 122 196 78 153 0 0 0 145 
126 0 42 128 0 19 162 0 65 5 211 174 60 2 60 61 62 6 26 46 119 120 99 217 55 66 45 49 35 18 74 0 0 122 196 76 0 0 122 196 78 155 0 0 0 142 
126 0 42 128 0 19 162 0 65 5 211 174 60 2 60 61 62 6 26 46 119 120 99 217 55 66 45 49 35 19 74 0 0 122 196 76 0 0 122 196 78 159 0 0 0 137 
126 0 42 128 0 19 162 0 65 5 211 174 60 2 60 61 62 6 26 46 119 120 99 217 55 66 45 49 35 20 74 0 0 122 196 76 0 0 122 196 78 164 0 0 0 131 
126 0 42 128 0 19 162 0 65 5 211 174 60 2 60 61 62 6 26 46 119 120 99 217 55 66 45 49 35 21 74 0 0 122 196 76 0 0 122 196 78 168 0 0 0 126 
126 0 42 128 0 19 162 0 65 5 211 174 60 2 60 61 62 6 26 46 119 120 99 217 55 66 45 49 35 22 74 0 0 122 196 76 0 0 122 196 78 173 0 0 0 120 
126 0 42 128 0 19 162 0 65 5 211 174 60 2 60 61 62 6 26 46 119 120 99 217 55 66 45 49 35 23 74 0 0 122 196 76 0 0 122 196 78 175 0 0 0 117 
126 0 42 128 0 19 162 0 65 5 211 174 60 2 60 61 62 6 26 46 119 120 99 217 55 66 45 49 35 24 74 0 0 122 196 76 0 0 122 196 78 176 0 0 0 115 
126 0 42 128 0 19 162 0 65 5 211 174 60 2 60 61 62 6 26 46 119 120 99 217 55 66 45 49 35 25 74 0 0 122 196 76 0 0 122 196 78 176 0 0 0 114 
126 0 42 128 0 19 162 0 65 5 211 174 60 2 60 61 62 6 26 46 119 120 99 217 55 66 45 49 35 26 74 0 0 122 196 76 0 0 122 196 78 177 0 0 0 112 
126 0 42 128 0 19 162 0 65 5 211 174 60 2 60 61 62 6 26 46 119 120 99 217 55 66 45 49 35 27 74 0 0 122 196 76 0 0 122 196 78 179 0 0 0 109 
126 0 42 128 0 19 162 0 65 5 211 174 60 2 60 61 62 6 26 46 119 120 99 217 55 66 45 49 35 28 74 0 0 122 196 76 0 0 122 196 78 182 0 0 0 105 
126 0 42 128 0 19 162 0 65 5 211 174 60 2 60 61 62 6 26 46 119 120 99 217 55 66 45 49 35 29 74 0 0 122 196 76 0 0 122 196 78 185 0 0 0 101 
126 0 42 128 0 19 162 0 65 5 211 174 60 2 60 61 62 6 26 46 119 120 99 217 55 66 45 49 35 30 74 0 0 122 196 76 0 0 122 196 78 186 0 0 0 99 
126 0 42 128 0 19 162 0 65 5 211 174 60 2 60 61 62 6 26 46 119 120 99 217 55 66 45 49 35 31 74 0 0 122 196 76 0 0 122 196 78 186 0 0 0 98 
126 0 42 128 0 19 162 0 65 5 211 174 60 2 60 61 62 6 26 46 119 120 99 217 55 66 45 49 35 32 74 0 0 122 196 76 0 0 122 196 78 187 0 0 0 96 
126 0 42 128 0 19 162 0 65 5 211 174 60 2 60 61 62 6 26 46 119 120 99 217 55 66 45 49 35 33 74 0 0 122 196 76 0 0 122 196 78 186 0 0 0 96 
126 0 42 128 0 19 162 0 65 5 211 174 60 2 60 61 62 6 26 46 119 120 99 217 55 66 45 49 35 34 74 0 0 122 196 76 0 0 122 196 78 185 0 0 0 96 
126 0 42 128 0 19 162 0 65 5 211 174 60 2 60 61 62 6 26 46 119 120 99 217 55 66 45 49 35 35 74 0 0 122 196 76 0 0 122 196 78 183 0 0 0 97 
126 0 42 128 0 19 162 0 65 5 211 174 60 2 60 61 62 6 26 46 119 120 99 217 55 66 45 49 35 36 74 0 0 122 196 76 0 0 122 196 78 180 0 0 0 99 
126 0 42 128 0 19 162 0 65 5 211 174 60 2 60 61 62 6 26 46 119 120 99 217 55 66 45 49 35 37 74 0 0 122 196 76 0 0 122 196 78 179 0 0 0 99 
126 0 42 128 0 19 162 0 65 5 211 174 60 2 60 61 62 6 26 46 119 120 99 217 55 66 45 49 35 38 74 0 0 122 196 76 0 0 122 196 78 179 0 0 0 98 
126 0 42 128 0 19 162 0 65 5 211 174 60 2 60 61 62 6 26 46 119 120 99 217 55 66 45 49 35 39 74 0 0 122 196 76 0 0 122 196 78 178 0 0 0 98 
126 0 42 128 0 19 162 0 65 5 211 174 60 2 60 61 62 6 26 46 119 120 99 217 55 66 45 49 35 40 74 0 0 122 196 76 0 0 122 196 78 178 0 0 0 97 
126 0 42 128 0 19 162 0 65 5 211 174 60 2 60 61 62 6 26 46 119 120 99 217 55 66 45 49 35 41 74 0 0 122 196 76 0 0 122 196 78 178 0 0 0 96 
126 0 42 128 0 19 162 0 65 5 211 174 60 2 60 61 62 6 26 46 119 120 99 217 55 66 45 49 35 42 74 0 0 122 196 76 0 0 122 196 78 178 0 0 0 95 
126 0 42 128 0 19 162 0 65 5 211 174 60 2 60 61 62 6 26 46 119 120 99 217 55 66 45 49 35 43 74 0 0 122 196 76 0 0 122 196 78 178 0 0 0 94 
126 0 42 128 0 19 162 0 65 5 211 174 60 2 60 61 62 6 26 46 119 120 99 217 55 66 45 49 35 44 74 0 0 122 196 76 0 0 122 196 78 179 0 0 0 92 
126 0 42 128 0 19 162 0 65 5 211 174 60 2 60 61 62 6 26 46 119 120 99 217 55 66 45 49 35 45 74 0 0 122 196 76 0 0 122 196 78 180 0 0 0 90 
126 0 42 128 0 19 162 0 65 5 211 174 60 2 60 61 62 6 26 46 119 120 99 217 55 66 45 49 35 46 74 0 0 122 196 76 0 0 122 196 78 180 0 0 0 89 
126 0 42 128 0 19 162 0 65 5 211 174 60 2 60 61 62 6 26 46 119 120 99 217 55 66 45 49 35 47 74 0 0 122 196 76 0 0 122 196 78 181 0 0 0 87 
126 0 42 128 0 19 162 0 65 5 211 174 60 2 60 61 62 6 26 46 119 120 99 217 55 66 45 49 35 48 74 0 0 122 196 76 0 0 122 196 78 182 0 0 0 85 
126 0 42 128 0 19 162 0 65 5 211 174 60 2 60 61 62 6 26 46 119 120 99 217 55 66 45 49 35 49 74 0 0 122 196 76 0 0 122 196 78 182 0 0 0 84 
126 0 42 128 0 19 162 0 65 5 211 174 60 2 60 61 62 6 26 46 119 120 99 217 55 66 45 49 35 50 74 0 0 122 196 76 0 0 122 196 78 182 0 0 0 83 
126 0 42 128 0 19 162 0 65 5 211 174 60 2 60 61 62 6 26 46 119 120 99 217 55 66 45 49 35 51 74 0 0 122 196 76 0 0 122 196 78 182 0 0 0 82 
126 0 42 128 0 19 162 0 65 5 211 174 60 2 60 61 62 6 26 46 119 120 99 217 55 66 45 49 35 52 74 0 0 122 196 76 0 0 122 196 78 183 0 0 0 80 
126 0 42 128 0 19 162 0 65 5 211 174 60 2 60 61 62 6 26 46 119 120 99 217 55 66 45 49 35 53 74 0 0 122 196 76 0 0 122 196 78 182 0 0 0 80 
126 0 42 128 0 19 162 0 65 5 211 174 60 2 60 61 62 6 26 46 119 120 99 217 55 66 45 49 35 54 74 0 0 122 196 76 0 0 122 196 78 181 0 0 0 80 
126 0 42 128 0 19 162 0 65 5 211 174 60 2 60 61 62 6 26 46 119 120 99 217 55 66 45 49 35 55 74 0 0 122 196 76 0 0 122 196 78 180 0 0 0 80 
126 0 42 128 0 19 162 0 65 5 211 174 60 2 60 61 62 6 26 46 119 120 99 217 55 66 45 49 35 56 74 0 0 122 196 76 0 0 122 196 78 181 0 0 0 78 
126 0 42 128 0 19 162 0 65 5 211 174 60 2 60 61 62 6 26 46 119 120 99 217 55 66 45 49 35 57 74 0 0 122 196 76 0 0 122 196 78 181 0 0 0 77 
126 0 42 128 0 19 162 0 65 5 211 174 60 2 60 61 62 6 26 46 119 120 99 217 55 66 45 49 35 58 74 0 0 122 196 76 0 0 122 196 78 183 0 0 0 74 
126 0 42 128 0 19 162 0 65 5 211 174 59 2 60 61 62 6 26 46 119 120 99 217 55 66 45 49 35 59 74 0 0 122 196 76 0 0 122 196 78 184 1 0 0 72 
126 0 42 128 0 19 162 0 65 5 211 174 57 2 60 61 62 6 26 46 119 120 99 217 55 66 45 49 35 60 74 0 0 122 196 76 0 0 122 196 78 218 0 0 0 40 
126 0 42 128 0 19 162 0 65 5 211 174 56 2 60 61 62 6 26 46 119 120 99 217 55 66 45 49 35 61 74 0 0 122 196 76 0 0 122 196 78 223 0 0 0 35 
126 0 42 128 0 19 162 0 65 5 211 174 54 2 60 61 62 6 26 46 119 120 99 217 55 66 45 49 35 62 74 0 0 122 196 76 0 0 122 196 78 245 0 0 0 14 
126 0 42 128 0 19 162 0 65 5 211 174 56 2 60 61 62 6 26 46 119 120 99 217 55 66 45 49 35 63 74 0 0 122 196 76 0 0 122 196 78 176 1 0 0 79 
126 0 42 128 0 19 162 0 65 5 211 174 57 2 60 61 62 6 26 46 119 120 99 217 55 66 45 49 35 64 74 0 0 122 196 76 0 0 122 196 78 170 1 0 0 83 
126 0 42 128 0 19 162 0 65 5 211 174 55 2 60 61 62 6 26 46 119 120 99 217 55 66 45 49 35 65 74 0 0 122 196 76 0 0 122 196 78 201 1 0 0 53 
126 0 42 128 0 19 162 0 65 5 211 174 48 2 60 61 62 6 26 46 119 120 99 217 55 66 45 49 35 239 74 41 92 201 65 76 128 163 178 66 78 0 0 0 0 46 
126 0 42 128 0 19 162 0 65 5 211 174 48 2 60 61 62 6 26 46 119 120 99 217 55 66 45 49 35 0 74 41 92 213 65 76 0 23 165 66 78 0 0 0 0 42 
126 0 42 128 0 19 162 0 65 5 211 174 48 2 60 61 62 6 26 46 119 120 99 217 55 66 45 49 35 1 74 0 0 222 65 76 0 137 154 66 78 0 0 0 0 62 
126 0 42 128 0 19 162 0 65 5 211 174 48 2 60 61 62 6 26 46 119 120 99 217 55 66 45 49 35 2 74 41 92 219 65 76 0 183 129 66 78 0 0 0 0 166 
126 0 42 128 0 19 162 0 65 5 211 174 48 2 60 61 62 6 26 46 119 120 99 217 55 66 45 49 35 3 74 82 184 210 65 76 128 16 129 66 78 0 0 0 0 80 
126 0 42 128 0 19 162 0 65 5 211 174 49 2 60 61 62 6 26 46 119 120 99 217 55 66 45 49 35 4 74 174 71 205 65 76 128 217 130 66 78 0 0 0 0 158 
126 0 42 128 0 19 162 0 65 5 211 174 48 2 60 61 62 6 26 46 119 120 99 217 55 66 45 49 35 5 74 0 0 202 65 76 128 236 131 66 78 0 0 0 0 130 
126 0 42 128 0 19 162 0 65 5 211 174 49 2 60 61 62 6 26 46 119 120 99 217 55 66 45 49 35 6 74 174 71 199 65 76 128 249 132 66 78 0 0 0 0 128 
126 0 42 128 0 19 162 0 65 5 211 174 49 2 60 61 62 6 26 46 119 120 99 217 55 66 45 49 35 7 74 164 112 197 65 76 128 40 135 66 78 0 0 0 0 48 
126 0 42 128 0 19 162 0 65 5 211 174 48 2 60 61 62 6 26 46 119 120 99 217 55 66 45 49 35 8 74 0 0 196 65 76 128 204 134 66 78 0 0 0 0 162 
126 0 42 128 0 19 162 0 65 5 211 174 48 2 60 61 62 6 26 46 119 120 99 217 55 66 45 49 35 9 74 184 30 195 65 76 0 69 136 66 78 0 0 0 0 209 
126 0 42 128 0 19 162 0 65 5 211 174 49 2 60 61 62 6 26 46 119 120 99 217 55 66 45 49 35 10 74 102 102 194 65 76 0 223 136 66 78 0 0 0 0 64 
126 0 42 128 0 19 162 0 65 5 211 174 49 2 60 61 62 6 26 46 119 120 99 217 55 66 45 49 35 11 74 154 153 193 65 76 0 27 138 66 78 0 0 0 0 155 
126 0 42 128 0 19 162 0 65 5 211 174 49 2 60 61 62 6 26 46 119 120 99 217 55 66 45 49 35 12 74 174 71 193 65 76 128 154 136 66 78 0 0 0 0 219 
126 0 42 128 0 19 162 0 65 5 211 174 49 2 60 61 62 6 26 46 119 120 99 217 55 66 45 49 35 13 74 72 225 192 65 76 0 29 136 66 78 0 0 0 0 164 
126 0 42 128 0 19 162 0 65 5 211 174 49 2 60 61 62 6 26 46 119 120 99 217 55 66 45 49 35 14 74 92 143 192 65 76 128 126 136 66 78 0 0 0 0 0 
126 0 42 128 0 19 162 0 65 5 211 174 49 2 60 61 62 6 26 46 119 120 99 217 55 66 45 49 35 15 74 0 0 192 65 76 128 198 135 66 78 0 0 0 0 163 
126 0 42 128 0 19 162 0 65 5 211 174 49 2 60 61 62 6 26 46 119 120 99 217 55 66 45 49 35 16 74 20 174 191 65 76 128 154 136 66 78 0 0 0 0 12 
126 0 42 128 0 19 162 0 65 5 211 174 49 2 60 61 62 6 26 46 119 120 99 217 55 66 45 49 35 17 74 164 112 191 65 76 128 188 136 66 78 0 0 0 0 151 
126 0 42 128 0 19 162 0 65 5 211 174 49 2 60 61 62 6 26 46 119 120 99 217 55 66 45 49 35 18 74 174 71 191 65 76 128 209 135 66 78 0 0 0 0 161 
126 0 42 128 0 19 162 0 65 5 211 174 49 2 60 61 62 6 26 46 119 120 99 217 55 66 45 49 35 19 74 195 245 190 65 76 0 168 137 66 78 0 0 0 0 133 
126 0 42 128 0 19 162 0 65 5 211 174 49 2 60 61 62 6 26 46 119 120 99 217 55 66 45 49 35 20 74 82 184 190 65 76 128 26 137 66 78 0 0 0 0 64 
126 0 42 128 0 19 162 0 65 5 211 174 49 2 60 61 62 6 26 46 119 120 99 217 55 66 45 49 35 21 74 215 163 190 65 76 128 38 137 66 78 0 0 0 0 195 
126 0 42 128 0 19 162 0 65 5 211 174 49 2 60 61 62 6 26 46 119 120 99 217 55 66 45 49 35 22 74 92 143 190 65 76 128 44 137 66 78 0 0 0 0 75 
126 0 42 128 0 19 162 0 65 5 211 174 49 2 60 61 62 6 26 46 119 120 99 217 55 66 45 49 35 23 74 225 122 190 65 76 0 162 136 66 78 0 0 0 0 229 
126 0 42 128 0 19 162 0 65 5 211 174 49 2 60 61 62 6 26 46 119 120 99 217 55 66 45 49 35 24 74 246 40 190 65 76 0 167 137 66 78 0 0 0 0 27 
126 0 42 128 0 19 162 0 65 5 211 174 49 2 60 61 62 6 26 46 119 120 99 217 55 66 45 49 35 25 74 123 20 190 65 76 128 46 138 66 78 0 0 0 0 161 
126 0 42 128 0 19 162 0 65 5 211 174 49 2 60 61 62 6 26 46 119 120 99 217 55 66 45 49 35 26 74 0 0 190 65 76 128 122 137 66 78 0 0 0 0 228 
126 0 42 128 0 19 162 0 65 5 211 174 49 2 60 61 62 6 26 46 119 120 99 217 55 66 45 49 35 27 74 10 215 189 65 76 0 171 138 66 78 0 0 0 0 81 
126 0 42 128 0 19 162 0 65 5 211 174 49 2 60 61 62 6 26 46 119 120 99 217 55 66 45 49 35 28 74 143 194 189 65 76 128 86 138 66 78 0 0 0 0 181 
126 0 42 128 0 19 162 0 65 5 211 174 49 2 60 61 62 6 26 46 119 120 99 217 55 66 45 49 35 29 74 20 174 189 65 76 0 143 137 66 78 0 0 0 0 139 
126 0 42 128 0 19 162 0 65 5 211 174 49 2 60 61 62 6 26 46 119 120 99 217 55 66 45 49 35 30 74 20 174 189 65 76 0 137 137 66 78 0 0 0 0 144 
126 0 42 128 0 19 162 0 65 5 211 174 49 2 60 61 62 6 26 46 119 120 99 217 55 66 45 49 35 31 74 154 153 189 65 76 128 10 137 66 78 0 0 0 0 29 
126 0 42 128 0 19 162 0 65 5 211 174 49 2 60 61 62 6 26 46 119 120 99 217 55 66 45 49 35 32 74 20 174 189 65 76 128 154 137 66 78 0 0 0 0 253 
126 0 42 128 0 19 162 0 65 5 211 174 49 2 60 61 62 6 26 46 119 120 99 217 55 66 45 49 35 33 74 154 153 189 65 76 128 16 137 66 78 0 0 0 0 21 
126 0 42 128 0 19 162 0 65 5 211 174 49 2 60 61 62 6 26 46 119 120 99 217 55 66 45 49 35 34 74 31 133 189 65 76 128 165 137 66 78 0 0 0 0 14 
126 0 42 128 0 19 162 0 65 5 211 174 49 2 60 61 62 6 26 46 119 120 99 217 55 66 45 49 35 35 74 20 174 189 65 76 128 178 137 66 78 0 0 0 0 226 
126 0 42 128 0 19 162 0 65 5 211 174 49 2 60 61 62 6 26 46 119 120 99 217 55 66 45 49 35 36 74 154 153 189 65 76 128 178 137 66 78 0 0 0 0 112 
126 0 42 128 0 19 162 0 65 5 211 174 49 2 60 61 62 6 26 46 119 120 99 217 55 66 45 49 35 37 74 31 133 189 65 76 0 54 138 66 78 0 0 0 0 249 
126 0 42 128 0 19 162 0 65 5 211 174 49 2 60 61 62 6 26 46 119 120 99 217 55 66 45 49 35 38 74 31 133 189 65 76 0 30 138 66 78 0 0 0 0 16 
126 0 42 128 0 19 162 0 65 5 211 174 49 2 60 61 62 6 26 46 119 120 99 217 55 66 45 49 35 39 74 31 133 189 65 76 128 196 137 66 78 0 0 0 0 234 
126 0 42 128 0 19 162 0 65 5 211 174 49 2 60 61 62 6 26 46 119 120 99 217 55 66 45 49 35 40 74 31 133 189 65 76 0 177 137 66 78 0 0 0 0 124 
126 0 42 128 0 19 162 0 65 5 211 174 49 2 60 61 62 6 26 46 119 120 99 217 55 66 45 49 35 41 74 41 92 189 65 76 0 176 137 66 78 0 0 0 0 155 
126 0 42 128 0 19 162 0 65 5 211 174 49 2 60 61 62 6 26 46 119 120 99 217 55 66 45 49 35 42 74 31 133 189 65 76 0 111 137 66 78 0 0 0 0 188 
126 0 42 128 0 19 162 0 65 5 211 174 49 2 60 61 62 6 26 46 119 120 99 217 55 66 45 49 35 43 74 31 133 189 65 76 0 147 137 66 78 0 0 0 0 151 
126 0 42 128 0 19 162 0 65 5 211 174 49 2 60 61 62 6 26 46 119 120 99 217 55 66 45 49 35 44 74 31 133 189 65 76 128 59 138 66 78 0 0 0 0 109 
126 0 42 128 0 19 162 0 65 5 211 174 49 2 60 61 62 6 26 46 119 120 99 217 55 66 45 49 35 45 74 174 71 189 65 76 0 162 136 66 78 0 0 0 0 54 
126 0 42 128 0 19 162 0 65 5 211 174 49 2 60 61 62 6 26 46 119 120 99 217 55 66 45 49 35 46 74 174 71 189 65 76 0 206 137 66 78 0 0 0 0 8 
126 0 42 128 0 19 162 0 65 5 211 174 49 2 60 61 62 6 26 46 119 120 99 217 55 66 45 49 35 47 74 164 112 189 65 76 0 188 137 66 78 0 0 0 0 250 
126 0 42 128 0 19 162 0 65 5 211 174 49 2 60 61 62 6 26 46 119 120 99 217 55 66 45 49 35 48 74 41 92 189 65 76 128 180 136 66 78 0 0 0 0 17 
126 0 42 128 0 19 162 0 65 5 211 174 49 2 60 61 62 6 26 46 119 120 99 217 55 66 45 49 35 49 74 41 92 189 65 76 0 146 137 66 78 0 0 0 0 177 
126 0 42 128 0 19 162 0 65 5 211 174 49 2 60 61 62 6 26 46 119 120 99 217 55 66 45 49 35 50 74 164 112 189 65 76 128 14 137 66 78 0 0 0 0 37 
126 0 42 128 0 19 162 0 65 5 211 174 49 2 60 61 62 6 26 46 119 120 99 217 55 66 45 49 35 51 74 164 112 189 65 76 128 222 136 66 78 0 0 0 0 85 
126 0 42 128 0 19 162 0 65 5 211 174 49 2 60 61 62 6 26 46 119 120 99 217 55 66 45 49 35 52 74 41 92 189 65 76 128 217 137 66 78 0 0 0 0 231 
126 0 42 128 0 19 162 0 65 5 211 174 49 2 60 61 62 6 26 46 119 120 99 217 55 66 45 49 35 53 74 41 92 189 65 76 0 194 137 66 78 0 0 0 0 125 
126 0 42 128 0 19 162 0 65 5 211 174 49 2 60 61 62 6 26 46 119 120 99 217 55 66 45 49 35 54 74 41 92 189 65 76 128 211 137 66 78 0 0 0 0 235 
126 0 42 128 0 19 162 0 65 5 211 174 49 2 60 61 62 6 26 46 119 120 99 217 55 66 45 49 35 55 74 174 71 189 65 76 0 240 136 66 78 0 0 0 0 222 
126 0 42 128 0 19 162 0 65 5 211 174 49 2 60 61 62 6 26 46 119 120 99 217 55 66 45 49 35 56 74 51 51 189 65 76 0 210 136 66 78 0 0 0 0 138 
126 0 42 128 0 19 162 0 65 5 211 174 49 2 60 61 62 6 26 46 119 120 99 217 55 66 45 49 35 57 74 164 112 189 65 76 0 189 137 66 78 0 0 0 0 239 
126 0 42 128 0 19 162 0 65 5 211 174 49 2 60 61 62 6 26 46 119 120 99 217 55 66 45 49 35 58 74 31 133 189 65 76 128 94 137 66 78 0 0 0 0 61 
126 0 42 128 0 19 162 0 65 5 211 174 49 2 60 61 62 6 26 46 119 120 99 217 55 66 45 49 35 59 74 154 153 189 65 76 0 155 137 66 78 0 0 0 0 240 
126 0 42 128 0 19 162 0 65 5 211 174 49 2 60 61 62 6 26 46 119 120 99 217 55 66 45 49 35 60 74 20 174 189 65 76 0 168 138 66 78 0 0 0 0 82 
126 0 42 128 0 19 162 0 65 5 211 174 49 2 60 61 62 6 26 46 119 120 99 217 55 66 45 49 35 61 74 31 133 189 65 76 128 154 137 66 78 0 0 0 0 254 
126 0 42 128 0 19 162 0 65 5 211 174 49 2 60 61 62 6 26 46 119 120 99 217 55 66 45 49 35 62 74 164 112 189 65 76 0 247 136 66 78 0 0 0 0 177 
126 0 42 128 0 19 162 0 65 5 211 174 49 2 60 61 62 6 26 46 119 120 99 217 55 66 45 49 35 63 74 154 153 189 65 76 128 166 137 66 78 0 0 0 0 97 
126 0 42 128 0 19 162 0 65 5 211 174 49 2 60 61 62 6 26 46 119 120 99 217 55 66 45 49 35 64 74 164 112 189 65 76 128 169 136 66 78 0 0 0 0 125 
126 0 42 128 0 19 162 0 65 5 211 174 49 2 60 61 62 6 26 46 119 120 99 217 55 66 45 49 35 65 74 164 112 189 65 76 128 161 138 66 78 0 0 0 0 130 
126 0 42 128 0 19 162 0 65 5 211 174 49 2 60 61 62 6 26 46 119 120 99 217 55 66 45 49 35 66 74 164 112 189 65 76 0 188 137 66 78 0 0 0 0 231 
126 0 42 128 0 19 162 0 65 5 211 174 49 2 60 61 62 6 26 46 119 120 99 217 55 66 45 49 35 67 74 164 112 189 65 76 0 207 137 66 78 0 0 0 0 211 
126 0 42 128 0 19 162 0 65 5 211 174 49 2 60 61 62 6 26 46 119 120 99 217 55 66 45 49 35 68 74 164 112 189 65 76 0 123 137 66 78 0 0 0 0 38 
126 0 42 128 0 19 162 0 65 5 211 174 49 2 60 61 62 6 26 46 119 120 99 217 55 66 45 49 35 69 74 41 92 189 65 76 128 205 137 66 78 0 0 0 0 226 
126 0 42 128 0 19 162 0 65 5 211 174 49 2 60 61 62 6 26 46 119 120 99 217 55 66 45 49 35 70 74 184 30 189 65 76 0 90 137 66 78 0 0 0 0 131 
126 0 42 128 0 19 162 0 65 5 211 174 49 2 60 61 62 6 26 46 119 120 99 217 55 66 45 49 35 71 74 184 30 189 65 76 128 238 136 66 78 0 0 0 0 111 
126 0 42 128 0 19 162 0 65 5 211 174 49 2 60 61 62 6 26 46 119 120 99 217 55 66 45 49 35 72 74 51 51 189 65 76 128 3 138 66 78 0 0 0 0 199 
126 0 42 128 0 19 162 0 65 5 211 174 49 2 60 61 62 6 26 46 119 120 99 217 55 66 45 49 35 73 74 184 30 189 65 76 0 240 137 66 78 0 0 0 0 234 
126 0 42 128 0 19 162 0 65 5 211 174 49 2 60 61 62 6 26 46 119 120 99 217 55 66 45 49 35 74 74 174 71 189 65 76 0 176 137 66 78 0 0 0 0 10 
126 0 42 128 0 19 162 0 65 5 211 174 49 2 60 61 62 6 26 46 119 120 99 217 55 66 45 49 35 75 74 174 71 189 65 76 0 234 137 66 78 0 0 0 0 207 
126 0 42 128 0 19 162 0 65 5 211 174 49 2 60 61 62 6 26 46 119 120 99 217 55 66 45 49 35 76 74 174 71 189 65 76 128 241 137 66 78 0 0 0 0 71 
126 0 42 128 0 19 162 0 65 5 211 174 49 2 60 61 62 6 26 46 119 120 99 217 55 66 45 49 35 77 74 184 30 189 65 76 128 211 137 66 78 0 0 0 0 131 
126 0 42 128 0 19 162 0 65 5 211 174 49 2 60 61 62 6 26 46 119 120 99 217 55 66 45 49 35 78 74 51 51 189 65 76 0 116 138 66 78 0 0 0 0 208 
126 0 42 128 0 19 162 0 65 5 211 174 49 2 60 61 62 6 26 46 119 120 99 217 55 66 45 49 35 79 74 51 51 189 65 76 128 3 138 66 78 0 0 0 0 192 
126 0 42 128 0 19 162 0 65 5 211 174 49 2 60 61 62 6 26 46 119 120 99 217 55 66 45 49 35 80 74 51 51 189 65 76 128 234 137 66 78 0 0 0 0 217 
126 0 42 128 0 19 162 0 65 5 211 174 49 2 60 61 62 6 26 46 119 120 99 217 55 66 45 49 35 81 74 51 51 189 65 76 0 204 137 66 78 0 0 0 0 118 
126 0 42 128 0 19 162 0 65 5 211 174 49 2 60 61 62 6 26 46 119 120 99 217 55 66 45 49 35 82 74 51 51 189 65 76 128 240 137 66 78 0 0 0 0 209 
126 0 42 128 0 19 162 0 65 5 211 174 49 2 60 61 62 6 26 46 119 120 99 217 55 66 45 49 35 83 74 51 51 189 65 76 0 171 138 66 78 0 0 0 0 148 
126 0 42 128 0 19 162 0 65 5 211 174 49 2 60 61 62 6 26 46 119 120 99 217 55 66 45 49 35 84 74 31 133 189 65 76 128 219 137 66 78 0 0 0 0 166 
126 0 42 128 0 19 162 0 65 5 211 174 49 2 60 61 62 6 26 46 119 120 99 217 55 66 45 49 35 85 74 20 174 189 65 76 128 5 137 66 78 0 0 0 0 93 
126 0 42 128 0 19 162 0 65 5 211 174 49 2 60 61 62 6 26 46 119 120 99 217 55 66 45 49 35 86 74 31 133 189 65 76 0 239 138 66 78 0 0 0 0 15 
126 0 42 128 0 19 162 0 65 5 211 174 49 2 60 61 62 6 26 46 119 120 99 217 55 66 45 49 35 87 74 31 133 189 65 76 128 213 137 66 78 0 0 0 0 169 
126 0 42 128 0 19 162 0 65 5 211 174 49 2 60 61 62 6 26 46 119 120 99 217 55 66 45 49 35 88 74 41 92 189 65 76 128 163 137 66 78 0 0 0 0 249 
126 0 42 128 0 19 162 0 65 5 211 174 49 2 60 61 62 6 26 46 119 120 99 217 55 66 45 49 35 89 74 51 51 189 65 76 0 74 138 66 78 0 0 0 0 239 
126 0 42 128 0 19 162 0 65 5 211 174 49 2 60 61 62 6 26 46 119 120 99 217 55 66 45 49 35 90 74 41 92 189 65 76 0 230 137 66 78 0 0 0 0 52 
126 0 42 128 0 19 162 0 65 5 211 174 49 2 60 61 62 6 26 46 119 120 99 217 55 66 45 49 35 91 74 184 30 189 65 76 128 3 138 66 78 0 0 0 0 68 
126 0 42 128 0 19 162 0 65 5 211 174 49 2 60 61 62 6 26 46 119 120 99 217 55 66 45 49 35 92 74 174 71 189 65 76 128 247 137 66 78 0 0 0 0 49 
126 0 42 128 0 19 162 0 65 5 211 174 49 2 60 61 62 6 26 46 119 120 99 217 55 66 45 49 35 93 74 51 51 189 65 76 0 78 137 66 78 0 0 0 0 232 
126 0 42 128 0 19 162 0 65 5 211 174 49 2 60 61 62 6 26 46 119 120 99 217 55 66 45 49 35 94 74 51 51 189 65 76 0 133 137 66 78 0 0 0 0 176 
126 0 42 128 0 19 162 0 65 5 211 174 49 2 60 61 62 6 26 46 119 120 99 217 55 66 45 49 35 95 74 184 30 189 65 76 128 14 138 66 78 0 0 0 0 53 
126 0 42 128 0 19 162 0 65 5 211 174 49 2 60 61 62 6 26 46 119 120 99 217 55 66 45 49 35 96 74 174 71 189 65 76 0 14 138 66 78 0 0 0 0 149 
126 0 42 128 0 19 162 0 65 5 211 174 49 2 60 61 62 6 26 46 119 120 99 217 55 66 45 49 35 97 74 41 92 189 65 76 128 245 136 66 78 0 0 0 0 159 
126 0 42 128 0 19 162 0 65 5 211 174 49 2 60 61 62 6 26 46 119 120 99 217 55 66 45 49 35 98 74 51 51 189 65 76 0 177 138 66 78 0 0 0 0 127 
126 0 42 128 0 19 162 0 65 5 211 174 49 2 60 61 62 6 26 46 119 120 99 217 55 66 45 49 35 99 74 41 92 189 65 76 0 234 136 66 78 0 0 0 0 40 
126 0 42 128 0 19 162 0 65 5 211 174 49 2 60 61 62 6 26 46 119 120 99 217 55 66 45 49 35 100 74 174 71 189 65 76 0 14 138 66 78 0 0 0 0 145 
126 0 42 128 0 19 162 0 65 5 211 174 49 2 60 61 62 6 26 46 119 120 99 217 55 66 45 49 35 101 74 174 71 189 65 76 0 195 138 66 78 0 0 0 0 219 
126 0 42 128 0 19 162 0 65 5 211 174 49 2 60 61 62 6 26 46 119 120 99 217 55 66 45 49 35 102 74 51 51 189 65 76 128 21 138 66 78 0 0 0 0 151 
126 0 42 128 0 19 162 0 65 5 211 174 49 2 60 61 62 6 26 46 119 120 99 217 55 66 45 49 35 103 74 51 51 189 65 76 128 217 137 66 78 0 0 0 0 211 
126 0 42 128 0 19 162 0 65 5 211 174 49 2 60 61 62 6 26 46 119 120 99 217 55 66 45 49 35 104 74 41 92 189 65 76 128 90 139 66 78 0 0 0 0 48 
126 0 42 128 0 19 162 0 65 5 211 174 49 2 60 61 62 6 26 46 119 120 99 217 55 66 45 49 35 105 74 41 92 189 65 76 0 4 138 66 78 0 0 0 0 6 
126 0 42 128 0 19 162 0 65 5 211 174 49 2 60 61 62 6 26 46 119 120 99 217 55 66 45 49 35 106 74 164 112 189 65 76 0 1 139 66 78 0 0 0 0 120 
126 0 42 128 0 19 162 0 65 5 211 174 49 2 60 61 62 6 26 46 119 120 99 217 55 66 45 49 35 107 74 174 71 189 65 76 128 211 137 66 78 0 0 0 0 70 
126 0 42 128 0 19 162 0 65 5 211 174 49 2 60 61 62 6 26 46 119 120 99 217 55 66 45 49 35 108 74 41 92 189 65 76 128 8 138 66 78 0 0 0 0 127 
126 0 42 128 0 19 162 0 65 5 211 174 49 2 60 61 62 6 26 46 119 120 99 217 55 66 45 49 35 109 74 174 71 189 65 76 128 21 138 66 78 0 0 0 0 1 
126 0 42 128 0 19 162 0 65 5 211 174 49 2 60 61 62 6 26 46 119 120 99 217 55 66 45 49 35 110 74 51 51 189 65 76 0 68 138 66 78 0 0 0 0 224 
126 0 42 128 0 19 162 0 65 5 211 174 49 2 60 61 62 6 26 46 119 120 99 217 55 66 45 49 35 111 74 174 71 189 65 76 0 82 139 66 78 0 0 0 0 65 
126 0 42 128 0 19 162 0 65 5 211 174 49 2 60 61 62 6 26 46 119 120 99 217 55 66 45 49 35 112 74 41 92 189 65 76 0 16 138 66 78 0 0 0 0 243 
126 0 42 128 0 19 162 0 65 5 211 174 49 2 60 61 62 6 26 46 119 120 99 217 55 66 45 49 35 113 74 174 71 189 65 76 128 38 138 66 78 0 0 0 0 236 
126 0 42 128 0 19 162 0 65 5 211 174 49 2 60 61 62 6 26 46 119 120 99 217 55 66 45 49 35 114 74 41 92 189 65 76 0 100 138 66 78 0 0 0 0 157 
126 0 42 128 0 19 162 0 65 5 211 174 49 2 60 61 62 6 26 46 119 120 99 217 55 66 45 49 35 115 74 164 112 189 65 76 0 123 137 66 78 0 0 0 0 247 
126 0 42 128 0 19 162 0 65 5 211 174 49 2 60 61 62 6 26 46 119 120 99 217 55 66 45 49 35 116 74 174 71 189 65 76 128 21 138 66 78 0 0 0 0 250 
126 0 42 128 0 19 162 0 65 5 211 174 49 2 60 61 62 6 26 46 119 120 99 217 55 66 45 49 35 117 74 51 51 189 65 76 128 133 138 66 78 0 0 0 0 24 
126 0 42 128 0 19 162 0 65 5 211 174 49 2 60 61 62 6 26 46 119 120 99 217 55 66 45 49 35 118 74 61 10 189 65 76 128 60 138 66 78 0 0 0 0 127 
126 0 42 128 0 19 162 0 65 5 211 174 49 2 60 61 62 6 26 46 119 120 99 217 55 66 45 49 35 119 74 195 245 188 65 76 0 35 138 66 78 0 0 0 0 167 
126 0 42 128 0 19 162 0 65 5 211 174 49 2 60 61 62 6 26 46 119 120 99 217 55 66 45 49 35 120 74 72 225 188 65 76 0 95 138 66 78 0 0 0 0 249 
126 0 42 128 0 19 162 0 65 5 211 174 49 2 60 61 62 6 26 46 119 120 99 217 55 66 45 49 35 121 74 195 245 188 65 76 128 226 137 66 78 0 0 0 0 103 
126 0 42 128 0 19 162 0 65 5 211 174 49 2 60 61 62 6 26 46 119 120 99 217 55 66 45 49 35 122 74 72 225 188 65 76 128 78 138 66 78 0 0 0 0 136 
126 0 42 128 0 19 162 0 65 5 211 174 49 2 60 61 62 6 26 46 119 120 99 217 55 66 45 49 35 123 74 61 10 189 65 76 0 62 138 66 78 0 0 0 0 248 
126 0 42 128 0 19 162 0 65 5 211 174 49 2 60 61 62 6 26 46 119 120 99 217 55 66 45 49 35 124 74 184 30 189 65 76 128 241 138 66 78 0 0 0 0 53 
126 0 42 128 0 19 162 0 65 5 211 174 49 2 60 61 62 6 26 46 119 120 99 217 55 66 45 49 35 125 74 61 10 189 65 76 128 72 138 66 78 0 0 0 0 108 
126 0 42 128 0 19 162 0 65 5 211 174 49 2 60 61 62 6 26 46 119 120 99 217 55 66 45 49 35 126 74 195 245 188 65 76 128 78 138 66 78 0 0 0 0 245 
126 0 42 128 0 19 162 0 65 5 211 174 49 2 60 61 62 6 26 46 119 120 99 217 55 66 45 49 35 127 74 184 30 189 65 76 0 156 138 66 78 0 0 0 0 7 
126 0 42 128 0 19 162 0 65 5 211 174 49 2 60 61 62 6 26 46 119 120 99 217 55 66 45 49 35 128 74 195 245 188 65 76 128 84 138 66 78 0 0 0 0 237 
126 0 42 128 0 19 162 0 65 5 211 174 49 2 60 61 62 6 26 46 119 120 99 217 55 66 45 49 35 129 74 184 30 189 65 76 0 74 138 66 78 0 0 0 0 87 
126 0 42 128 0 19 162 0 65 5 211 174 49 2 60 61 62 6 26 46 119 120 99 217 55 66 45 49 35 130 74 51 51 189 65 76 128 222 137 66 78 0 0 0 0 179 
126 0 42 128 0 19 162 0 65 5 211 174 49 2 60 61 62 6 26 46 119 120 99 217 55 66 45 49 35 131 74 184 30 189 65 76 0 62 138 66 78 0 0 0 0 97 
126 0 42 128 0 19 162 0 65 5 211 174 49 2 60 61 62 6 26 46 119 120 99 217 55 66 45 49 35 132 74 195 245 188 65 76 0 62 139 66 78 0 0 0 0 126 
126 0 42 128 0 19 162 0 65 5 211 174 49 2 60 61 62 6 26 46 119 120 99 217 55 66 45 49 35 133 74 61 10 189 65 76 128 90 138 66 78 0 0 0 0 82 
126 0 42 128 0 19 162 0 65 5 211 174 49 2 60 61 62 6 26 46 119 120 99 217 55 66 45 49 35 134 74 61 10 189 65 76 128 30 138 66 78 0 0 0 0 141 
126 0 42 128 0 19 162 0 65 5 211 174 49 2 60 61 62 6 26 46 119 120 99 217 55 66 45 49 35 135 74 195 245 188 65 76 128 84 138 66 78 0 0 0 0 230 
126 0 42 128 0 19 162 0 65 5 211 174 49 2 60 61 62 6 26 46 119 120 99 217 55 66 45 49 35 136 74 72 225 188 65 76 0 168 138 66 78 0 0 0 0 160 
126 0 42 128 0 19 162 0 65 5 211 174 49 2 60 61 62 6 26 46 119 120 99 217 55 66 45 49 35 137 74 72 225 188 65 76 128 221 138 66 78 0 0 0 0 234 
126 0 42 128 0 19 162 0 65 5 211 174 49 2 60 61 62 6 26 46 119 120 99 217 55 66 45 49 35 138 74 61 10 189 65 76 128 72 138 66 78 0 0 0 0 95 
126 0 42 128 0 19 162 0 65 5 211 174 49 2 60 61 62 6 26 46 119 120 99 217 55 66 45 49 35 139 74 61 10 189 65 76 128 148 137 66 78 0 0 0 0 19 
126 0 42 128 0 19 162 0 65 5 211 174 49 2 60 61 62 6 26 46 119 120 99 217 55 66 45 49 35 140 74 61 10 189 65 76 128 72 138 66 78 0 0 0 0 93 
126 0 42 128 0 19 162 0 65 5 211 174 49 2 60 61 62 6 26 46 119 120 99 217 55 66 45 49 35 141 74 51 51 189 65 76 128 62 138 66 78 0 0 0 0 71 
126 0 42 128 0 19 162 0 65 5 211 174 49 2 60 61 62 6 26 46 119 120 99 217 55 66 45 49 35 142 74 51 51 189 65 76 0 5 139 66 78 0 0 0 0 254 
126 0 42 128 0 19 162 0 65 5 211 174 49 2 60 61 62 6 26 46 119 120 99 217 55 66 45 49 35 143 74 61 10 189 65 76 128 241 138 66 78 0 0 0 0 177 
126 0 42 128 0 19 162 0 65 5 211 174 49 2 60 61 62 6 26 46 119 120 99 217 55 66 45 49 35 144 74 51 51 189 65 76 0 70 139 66 78 0 0 0 0 187 
126 0 42 128 0 19 162 0 65 5 211 174 49 2 60 61 62 6 26 46 119 120 99 217 55 66 45 49 35 145 74 174 71 189 65 76 0 198 137 66 78 0 0 0 0 173 
126 0 42 128 0 19 162 0 65 5 211 174 49 2 60 61 62 6 26 46 119 120 99 217 55 66 45 49 35 146 74 174 71 189 65 76 0 44 138 66 78 0 0 0 0 69 
126 0 42 128 0 19 162 0 65 5 211 174 49 2 60 61 62 6 26 46 119 120 99 217 55 66 45 49 35 147 74 174 71 189 65 76 128 33 138 66 78 0 0 0 0 207 
126 0 42 128 0 19 162 0 65 5 211 174 49 2 60 61 62 6 26 46 119 120 99 217 55 66 45 49 35 148 74 61 10 189 65 76 0 91 138 66 78 0 0 0 0 194 
126 0 42 128 0 19 162 0 65 5 211 174 49 2 60 61 62 6 26 46 119 120 99 217 55 66 45 49 35 149 74 51 51 189 65 76 0 74 138 66 78 0 0 0 0 179 
126 0 42 128 0 19 162 0 65 5 211 174 49 2 60 61 62 6 26 46 119 120 99 217 55 66 45 49 35 150 74 184 30 189 65 76 0 67 138 66 78 0 0 0 0 73 
126 0 42 128 0 19 162 0 65 5 211 174 49 2 60 61 62 6 26 46 119 120 99 217 55 66 45 49 35 151 74 61 10 189 65 76 128 72 138 66 78 0 0 0 0 82 
126 0 42 128 0 19 162 0 65 5 211 174 49 2 60 61 62 6 26 46 119 120 99 217 55 66 45 49 35 152 74 184 30 189 65 76 0 31 138 66 78 0 0 0 0 107 
126 0 42 128 0 19 162 0 65 5 211 174 49 2 60 61 62 6 26 46 119 120 99 217 55 66 45 49 35 153 74 61 10 189 65 76 0 78 137 66 78 0 0 0 0 203 
126 0 42 128 0 19 162 0 65 5 211 174 49 2 60 61 62 6 26 46 119 120 99 217 55 66 45 49 35 154 74 195 245 188 65 76 128 78 138 66 78 0 0 0 0 217 
126 0 42 128 0 19 162 0 65 5 211 174 49 2 60 61 62 6 26 46 119 120 99 217 55 66 45 49 35 155 74 195 245 188 65 76 128 90 138 66 78 0 0 0 0 204 
126 0 42 128 0 19 162 0 65 5 211 174 49 2 60 61 62 6 26 46 119 120 99 217 55 66 45 49 35 156 74 195 245 188 65 76 128 208 137 66 78 0 0 0 0 86 
126 0 42 128 0 19 162 0 65 5 211 174 49 2 60 61 62 6 26 46 119 120 99 217 55 66 45 49 35 157 74 61 10 189 65 76 0 44 139 66 78 0 0 0 0 231 
126 0 42 128 0 19 162 0 65 5 211 174 49 2 60 61 62 6 26 46 119 120 99 217 55 66 45 49 35 158 74 61 10 189 65 76 0 53 137 66 78 0 0 0 0 223 
126 0 42 128 0 19 162 0 65 5 211 174 49 2 60 61 62 6 26 46 119 120 99 217 55 66 45 49 35 159 74 195 245 188 65 76 128 232 137 66 78 0 0 0 0 59 
126 0 42 128 0 19 162 0 65 5 211 174 49 2 60 61 62 6 26 46 119 120 99 217 55 66 45 49 35 160 74 195 245 188 65 76 0 204 138 66 78 0 0 0 0 213 
126 0 42 128 0 19 162 0 65 5 211 174 49 2 60 61 62 6 26 46 119 120 99 217 55 66 45 49 35 161 74 195 245 188 65 76 128 78 138 66 78 0 0 0 0 210 
126 0 42 128 0 19 162 0 65 5 211 174 49 2 60 61 62 6 26 46 119 120 99 217 55 66 45 49 35 162 74 195 245 188 65 76 0 59 138 66 78 0 0 0 0 100 
126 0 42 128 0 19 162 0 65 5 211 174 49 2 60 61 62 6 26 46 119 120 99 217 55 66 45 49 35 163 74 61 10 189 65 76 128 160 137 66 78 0 0 0 0 239 
126 0 42 128 0 19 162 0 65 5 211 174 49 2 60 61 62 6 26 46 119 120 99 217 55 66 45 49 35 164 74 61 10 189 65 76 128 202 137 66 78 0 0 0 0 196 
126 0 42 128 0 19 162 0 65 5 211 174 49 2 60 61 62 6 26 46 119 120 99 217 55 66 45 49 35 165 74 184 30 189 65 76 0 44 138 66 78 0 0 0 0 81 
126 0 42 128 0 19 162 0 65 5 211 174 49 2 60 61 62 6 26 46 119 120 99 217 55 66 45 49 35 166 74 61 10 189 65 76 0 98 138 66 78 0 0 0 0 169 
126 0 42 128 0 19 162 0 65 5 211 174 49 2 60 61 62 6 26 46 119 120 99 217 55 66 45 49 35 167 74 61 10 189 65 76 0 56 138 66 78 0 0 0 0 210 
126 0 42 128 0 19 162 0 65 5 211 174 49 2 60 61 62 6 26 46 119 120 99 217 55 66 45 49 35 168 74 61 10 189 65 76 0 234 137 66 78 0 0 0 0 32 
126 0 42 128 0 19 162 0 65 5 211 174 49 2 60 61 62 6 26 46 119 120 99 217 55 66 45 49 35 169 74 51 51 189 65 76 128 57 139 66 78 0 0 0 0 47 
126 0 42 128 0 19 162 0 65 5 211 174 49 2 60 61 62 6 26 46 119 120 99 217 55 66 45 49 35 170 74 174 71 189 65 76 0 98 138 66 78 0 0 0 0 247 
126 0 42 128 0 19 162 0 65 5 211 174 49 2 60 61 62 6 26 46 119 120 99 217 55 66 45 49 35 171 74 184 30 189 65 76 128 39 138 66 78 0 0 0 0 208 
126 0 42 128 0 19 162 0 65 5 211 174 49 2 60 61 62 6 26 46 119 120 99 217 55 66 45 49 35 172 74 174 71 189 65 76 128 20 138 66 78 0 0 0 0 195 
126 0 42 128 0 19 162 0 65 5 211 174 49 2 60 61 62 6 26 46 119 120 99 217 55 66 45 49 35 173 74 61 10 189 65 76 128 126 138 66 78 0 0 0 0 6 
126 0 42 128 0 19 162 0 65 5 211 174 49 2 60 61 62 6 26 46 119 120 99 217 55 66 45 49 35 174 74 184 30 189 65 76 0 109 138 66 78 0 0 0 0 7 
126 0 42 128 0 19 162 0 65 5 211 174 49 2 60 61 62 6 26 46 119 120 99 217 55 66 45 49 35 175 74 184 30 189 65 76 128 51 138 66 78 0 0 0 0 192 
126 0 42 128 0 19 162 0 65 5 211 174 49 2 60 61 62 6 26 46 119 120 99 217 55 66 45 49 35 176 74 174 71 189 65 76 0 196 138 66 78 0 0 0 0 143 
126 0 42 128 0 19 162 0 65 5 211 174 49 2 60 61 62 6 26 46 119 120 99 217 55 66 45 49 35 177 74 51 51 189 65 76 128 229 138 66 78 0 0 0 0 124 
126 0 42 128 0 19 162 0 65 5 211 174 49 2 60 61 62 6 26 46 119 120 99 217 55 66 45 49 35 178 74 51 51 189 65 76 128 16 139 66 78 0 0 0 0 79 
126 0 42 128 0 19 162 0 65 5 211 174 49 2 60 61 62 6 26 46 119 120 99 217 55 66 45 49 35 179 74 184 30 189 65 76 128 54 138 66 78 0 0 0 0 185 
126 0 42 128 0 19 162 0 65 5 211 174 49 2 60 61 62 6 26 46 119 120 99 217 55 66 45 49 35 180 74 51 51 189 65 76 128 63 138 66 78 0 0 0 0 31 
126 0 42 128 0 19 162 0 65 5 211 174 49 2 60 61 62 6 26 46 119 120 99 217 55 66 45 49 35 181 74 174 71 189 65 76 128 75 138 66 78 0 0 0 0 131 
126 0 42 128 0 19 162 0 65 5 211 174 49 2 60 61 62 6 26 46 119 120 99 217 55 66 45 49 35 182 74 51 51 189 65 76 0 44 138 66 78 0 0 0 0 176 
126 0 42 128 0 19 162 0 65 5 211 174 49 2 60 61 62 6 26 46 119 120 99 217 55 66 45 49 35 183 74 174 71 189 65 76 128 48 138 66 78 0 0 0 0 156 
126 0 42 128 0 19 162 0 65 5 211 174 49 2 60 61 62 6 26 46 119 120 99 217 55 66 45 49 35 184 74 174 71 189 65 76 128 31 137 66 78 0 0 0 0 173 
126 0 42 128 0 19 162 0 65 5 211 174 49 2 60 61 62 6 26 46 119 120 99 217 55 66 45 49 35 185 74 41 92 189 65 76 128 15 138 66 78 0 0 0 0 43 
126 0 42 128 0 19 162 0 65 5 211 174 49 2 60 61 62 6 26 46 119 120 99 217 55 66 45 49 35 186 74 174 71 189 65 76 128 79 137 66 78 0 0 0 0 123 
126 0 42 128 0 19 162 0 65 5 211 174 49 2 60 61 62 6 26 46 119 120 99 217 55 66 45 49 35 187 74 174 71 189 65 76 0 50 138 66 78 0 0 0 0 22 
126 0 42 128 0 19 162 0 65 5 211 174 49 2 60 61 62 6 26 46 119 120 99 217 55 66 45 49 35 188 74 174 71 189 65 76 0 4 138 66 78 0 0 0 0 67 
126 0 42 128 0 19 162 0 65 5 211 174 49 2 60 61 62 6 26 46 119 120 99 217 55 66 45 49 35 189 74 41 92 189 65 76 0 10 138 66 78 0 0 0 0 172 
126 0 42 128 0 19 162 0 65 5 211 174 49 2 60 61 62 6 26 46 119 120 99 217 55 66 45 49 35 190 74 51 51 189 65 76 0 20 138 66 78 0 0 0 0 192 
126 0 42 128 0 19 162 0 65 5 211 174 49 2 60 61 62 6 26 46 119 120 99 217 55 66 45 49 35 191 74 51 51 189 65 76 0 56 138 66 78 0 0 0 0 155 
126 0 42 128 0 19 162 0 65 5 211 174 49 2 60 61 62 6 26 46 119 120 99 217 55 66 45 49 35 192 74 51 51 189 65 76 0 8 138 66 78 0 0 0 0 202 
126 0 42 128 0 19 162 0 65 5 211 174 49 2 60 61 62 6 26 46 119 120 99 217 55 66 45 49 35 193 74 61 10 189 65 76 0 8 138 66 78 0 0 0 0 232 
126 0 42 128 0 19 162 0 65 5 211 174 49 2 60 61 62 6 26 46 119 120 99 217 55 66 45 49 35 194 74 184 30 189 65 76 0 26 139 66 78 0 0 0 0 69 
126 0 42 128 0 19 162 0 65 5 211 174 49 2 60 61 62 6 26 46 119 120 99 217 55 66 45 49 35 195 74 184 30 189 65 76 0 13 138 66 78 0 0 0 0 82 
126 0 42 128 0 19 162 0 65 5 211 174 49 2 60 61 62 6 26 46 119 120 99 217 55 66 45 49 35 196 74 61 10 189 65 76 128 114 138 66 78 0 0 0 0 251 
126 0 42 128 0 19 162 0 65 5 211 174 49 2 60 61 62 6 26 46 119 120 99 217 55 66 45 49 35 197 74 184 30 189 65 76 0 14 138 66 78 0 0 0 0 79 
126 0 42 128 0 19 162 0 65 5 211 174 49 2 60 61 62 6 26 46 119 120 99 217 55 66 45 49 35 198 74 184 30 189 65 76 0 7 138 66 78 0 0 0 0 85 
126 0 42 128 0 19 162 0 65 5 211 174 49 2 60 61 62 6 26 46 119 120 99 217 55 66 45 49 35 199 74 174 71 189 65 76 0 215 136 66 78 0 0 0 0 103 
126 0 42 128 0 19 162 0 65 5 211 174 49 2 60 61 62 6 26 46 119 120 99 217 55 66 45 49 35 200 74 184 30 189 65 76 0 252 137 66 78 0 0 0 0 95 
126 0 42 128 0 19 162 0 65 5 211 174 49 2 60 61 62 6 26 46 119 120 99 217 55 66 45 49 35 201 74 195 245 188 65 76 128 6 138 66 78 0 0 0 0 242 
126 0 42 128 0 19 162 0 65 5 211 174 49 2 60 61 62 6 26 46 119 120 99 217 55 66 45 49 35 202 74 61 10 189 65 76 128 24 138 66 78 0 0 0 0 79 
126 0 42 128 0 19 162 0 65 5 211 174 49 2 60 61 62 6 26 46 119 120 99 217 55 66 45 49 35 203 74 195 245 188 65 76 0 243 136 66 78 0 0 0 0 133 
126 0 42 128 0 19 162 0 65 5 211 174 49 2 60 61 62 6 26 46 119 120 99 217 55 66 45 49 35 204 74 184 30 189 65 76 128 253 138 66 78 0 0 0 0 217 
126 0 42 128 0 19 162 0 65 5 211 174 49 2 60 61 62 6 26 46 119 120 99 217 55 66 45 49 35 205 74 184 30 189 65 76 0 8 138 66 78 0 0 0 0 77 
126 0 42 128 0 19 162 0 65 5 211 174 49 2 60 61 62 6 26 46 119 120 99 217 55 66 45 49 35 206 74 51 51 189 65 76 0 96 137 66 78 0 0 0 0 101 
126 0 42 128 0 19 162 0 65 5 211 174 49 2 60 61 62 6 26 46 119 120 99 217 55 66 45 49 35 207 74 51 51 189 65 76 128 20 138 66 78 0 0 0 0 47 
126 0 42 128 0 19 162 0 65 5 211 174 49 2 60 61 62 6 26 46 119 120 99 217 55 66 45 49 35 208 74 51 51 189 65 76 0 163 137 66 78 0 0 0 0 32 
126 0 42 128 0 19 162 0 65 5 211 174 49 2 60 61 62 6 26 46 119 120 99 217 55 66 45 49 35 209 74 154 153 189 65 76 128 196 137 66 78 0 0 0 0 177 
126 0 42 128 0 19 162 0 65 5 211 174 49 2 60 61 62 6 26 46 119 120 99 217 55 66 45 49 35 210 74 154 153 189 65 76 128 250 137 66 78 0 0 0 0 122 
126 0 42 128 0 19 162 0 65 5 211 174 49 2 60 61 62 6 26 46 119 120 99 217 55 66 45 49 35 211 74 154 153 189 65 76 128 201 137 66 78 0 0 0 0 170 
126 0 42 128 0 19 162 0 65 5 211 174 49 2 60 61 62 6 26 46 119 120 99 217 55 66 45 49 35 212 74 31 133 189 65 76 128 23 138 66 78 0 0 0 0 233 
126 0 42 128 0 19 162 0 65 5 211 174 49 2 60 61 62 6 26 46 119 120 99 217 55 66 45 49 35 213 74 41 92 189 65 76 0 28 138 66 78 0 0 0 0 130 
126 0 42 128 0 19 162 0 65 5 211 174 49 2 60 61 62 6 26 46 119 120 99 217 55 66 45 49 35 214 74 41 92 189 65 76 0 230 137 66 78 0 0 0 0 184 
126 0 42 128 0 19 162 0 65 5 211 174 49 2 60 61 62 6 26 46 119 120 99 217 55 66 45 49 35 215 74 164 112 189 65 76 0 218 137 66 78 0 0 0 0 52 
126 0 42 128 0 19 162 0 65 5 211 174 49 2 60 61 62 6 26 46 119 120 99 217 55 66 45 49 35 216 74 51 51 189 65 76 0 174 136 66 78 0 0 0 0 14 
126 0 42 128 0 19 162 0 65 5 211 174 49 2 60 61 62 6 26 46 119 120 99 217 55 66 45 49 35 217 74 174 71 189 65 76 0 234 137 66 78 0 0 0 0 65 
126 0 42 128 0 19 162 0 65 5 211 174 49 2 60 61 62 6 26 46 119 120 99 217 55 66 45 49 35 218 74 195 245 188 65 76 128 72 138 66 78 0 0 0 0 159 
126 0 42 128 0 19 162 0 65 5 211 174 49 2 60 61 62 6 26 46 119 120 99 217 55 66 45 49 35 219 74 72 225 188 65 76 128 36 138 66 78 0 0 0 0 81 
126 0 42 128 0 19 162 0 65 5 211 174 49 2 60 61 62 6 26 46 119 120 99 217 55 66 45 49 35 220 74 195 245 188 65 76 128 28 138 66 78 0 0 0 0 201 
126 0 42 128 0 19 162 0 65 5 211 174 49 2 60 61 62 6 26 46 119 120 99 217 55 66 45 49 35 221 74 72 225 188 65 76 128 24 138 66 78 0 0 0 0 91 
126 0 42 128 0 19 162 0 65 5 211 174 49 2 60 61 62 6 26 46 119 120 99 217 55 66 45 49 35 222 74 72 225 188 65 76 0 29 138 66 78 0 0 0 0 213 
126 0 42 128 0 19 162 0 65 5 211 174 49 2 60 61 62 6 26 46 119 120 99 217 55 66 45 49 35 223 74 195 245 188 65 76 128 227 138 66 78 0 0 0 0 255 
126 0 42 128 0 19 162 0 65 5 211 174 49 2 60 61 62 6 26 46 119 120 99 217 55 66 45 49 35 224 74 72 225 188 65 76 0 94 138 66 78 0 0 0 0 146 
126 0 42 128 0 19 162 0 65 5 211 174 49 2 60 61 62 6 26 46 119 120 99 217 55 66 45 49 35 225 74 72 225 188 65 76 128 33 137 66 78 0 0 0 0 79 
126 0 42 128 0 19 162 0 65 5 211 174 49 2 60 61 62 6 26 46 119 120 99 217 55 66 45 49 35 226 74 72 225 188 65 76 128 40 138 66 78 0 0 0 0 70 
126 0 42 128 0 19 162 0 65 5 211 174 49 2 60 61 62 6 26 46 119 120 99 217 55 66 45 49 35 227 74 72 225 188 65 76 0 68 139 66 78 0 0 0 0 168 
126 0 42 128 0 19 162 0 65 5 211 174 49 2 60 61 62 6 26 46 119 120 99 217 55 66 45 49 35 228 74 184 30 189 65 76 0 26 138 66 78 0 0 0 0 36 
126 0 42 128 0 19 162 0 65 5 211 174 49 2 60 61 62 6 26 46 119 120 99 217 55 66 45 49 35 229 74 174 71 189 65 76 0 240 137 66 78 0 0 0 0 47 
126 0 42 128 0 19 162 0 65 5 211 174 49 2 60 61 62 6 26 46 119 120 99 217 55 66 45 49 35 230 74 51 51 189 65 76 0 96 137 66 78 0 0 0 0 77 
126 0 42 128 0 19 162 0 65 5 211 174 49 2 60 61 62 6 26 46 119 120 99 217 55 66 45 49 35 231 74 41 92 189 65 76 128 69 138 66 78 0 0 0 0 199 
126 0 42 128 0 19 162 0 65 5 211 174 49 2 60 61 62 6 26 46 119 120 99 217 55 66 45 49 35 232 74 184 30 189 65 76 128 24 138 66 78 0 0 0 0 162 
126 0 42 128 0 19 162 0 65 5 211 174 49 2 60 61 62 6 26 46 119 120 99 217 55 66 45 49 35 233 74 184 30 189 65 76 128 9 139 66 78 0 0 0 0 175 
126 0 42 128 0 19 162 0 65 5 211 174 49 2 60 61 62 6 26 46 119 120 99 217 55 66 45 49 35 234 74 174 71 189 65 76 0 246 137 66 78 0 0 0 0 36 
126 0 42 128 0 19 162 0 65 5 211 174 49 2 60 61 62 6 26 46 119 120 99 217 55 66 45 49 35 235 74 51 51 189 65 76 0 90 137 66 78 0 0 0 0 78 
126 0 42 128 0 19 162 0 65 5 211 174 49 2 60 61 62 6 26 46 119 120 99 217 55 66 45 49 35 236 74 184 30 189 65 76 128 235 138 66 78 0 0 0 0 203 
126 0 42 128 0 19 162 0 65 5 211 174 49 2 60 61 62 6 26 46 119 120 99 217 55 66 45 49 35 237 74 61 10 189 65 76 128 12 138 66 78 0 0 0 0 56 
126 0 42 128 0 19 162 0 65 5 211 174 49 2 60 61 62 6 26 46 119 120 99 217 55 66 45 49 35 238 74 184 30 189 65 76 0 38 138 66 78 0 0 0 0 14 
126 0 42 128 0 19 162 0 65 5 211 174 49 2 60 61 62 6 26 46 119 120 99 217 55 66 45 49 35 239 74 174 71 189 65 76 0 20 138 66 78 0 0 0 0 0 
126 0 42 128 0 19 162 0 65 5 211 174 49 2 60 61 62 6 26 46 119 120 99 217 55 66 45 49 35 240 74 164 112 189 65 76 0 237 137 66 78 0 0 0 0 8 
126 0 42 128 0 19 162 0 65 5 211 174 49 2 60 61 62 6 26 46 119 120 99 217 55 66 45 49 35 241 74 164 112 189 65 76 0 243 137 66 78 0 0 0 0 1 
126 0 42 128 0 19 162 0 65 5 211 174 49 2 60 61 62 6 26 46 119 120 99 217 55 66 45 49 35 242 74 174 71 189 65 76 128 3 138 66 78 0 0 0 0 142 
126 0 42 128 0 19 162 0 65 5 211 174 49 2 60 61 62 6 26 46 119 120 99 217 55 66 45 49 35 243 74 184 30 189 65 76 128 211 138 66 78 0 0 0 0 220 
126 0 42 128 0 19 162 0 65 5 211 174 49 2 60 61 62 6 26 46 119 120 99 217 55 66 45 49 35 244 74 184 30 189 65 76 0 8 138 66 78 0 0 0 0 38 
126 0 42 128 0 19 162 0 65 5 211 174 49 2 60 61 62 6 26 46 119 120 99 217 55 66 45 49 35 245 74 164 112 189 65 76 0 158 137 66 78 0 0 0 0 82 
126 0 42 128 0 19 162 0 65 5 211 174 49 2 60 61 62 6 26 46 119 120 99 217 55 66 45 49 35 246 74 174 71 189 65 76 0 254 137 66 78 0 0 0 0 16 
126 0 42 128 0 19 162 0 65 5 211 174 49 2 60 61 62 6 26 46 119 120 99 217 55 66 45 49 35 247 74 164 112 189 65 76 0 51 137 66 78 0 0 0 0 187 
126 0 42 128 0 19 162 0 65 5 211 174 49 2 60 61 62 6 26 46 119 120 99 217 55 66 45 49 35 248 74 174 71 189 65 76 128 242 138 66 78 0 0 0 0 153 
126 0 42 128 0 19 162 0 65 5 211 174 49 2 60 61 62 6 26 46 119 120 99 217 55 66 45 49 35 249 74 31 133 189 65 76 0 237 137 66 78 0 0 0 0 111 
126 0 42 128 0 19 162 0 65 5 211 174 49 2 60 61 62 6 26 46 119 120 99 217 55 66 45 49 35 250 74 20 174 189 65 76 128 214 137 66 78 0 0 0 0 231 
126 0 42 128 0 19 162 0 65 5 211 174 49 2 60 61 62 6 26 46 119 120 99 217 55 66 45 49 35 251 74 20 174 189 65 76 128 52 137 66 78 0 0 0 0 136 
126 0 42 128 0 19 162 0 65 5 211 174 49 2 60 61 62 6 26 46 119 120 99 217 55 66 45 49 35 252 74 154 153 189 65 76 128 220 137 66 78 0 0 0 0 110 
126 0 42 128 0 19 162 0 65 5 211 174 49 2 60 61 62 6 26 46 119 120 99 217 55 66 45 49 35 253 74 164 112 189 65 76 128 231 137 66 78 0 0 0 0 129 
126 0 42 128 0 19 162 0 65 5 211 174 49 2 60 61 62 6 26 46 119 120 99 217 55 66 45 49 35 254 74 41 92 189 65 76 0 218 137 66 78 0 0 0 0 156 
126 0 42 128 0 19 162 0 65 5 211 174 49 2 60 61 62 6 26 46 119 120 99 217 55 66 45 49 35 255 74 41 92 189 65 76 128 241 137 66 78 0 0 0 0 4 
126 0 42 128 0 19 162 0 65 5 211 174 49 2 60 61 62 6 26 46 119 120 99 217 55 66 45 49 35 0 74 174 71 189 65 76 128 13 137 66 78 0 0 0 0 119 
126 0 42 128 0 19 162 0 65 5 211 174 49 2 60 61 62 6 26 46 119 120 99 217 55 66 45 49 35 1 74 41 92 189 65 76 0 236 137 66 78 0 0 0 0 135 
126 0 42 128 0 19 162 0 65 5 211 174 49 2 60 61 62 6 26 46 119 120 99 217 55 66 45 49 35 2 74 174 71 189 65 76 128 145 137 66 78 0 0 0 0 241 
126 0 42 128 0 19 162 0 65 5 211 174 49 2 60 61 62 6 26 46 119 120 99 217 55 66 45 49 35 3 74 184 30 189 65 76 0 8 138 66 78 0 0 0 0 23 
126 0 42 128 0 19 162 0 65 5 211 174 49 2 60 61 62 6 26 46 119 120 99 217 55 66 45 49 35 4 74 41 92 189 65 76 0 23 139 66 78 0 0 0 0 87 
126 0 42 128 0 19 162 0 65 5 211 174 49 2 60 61 62 6 26 46 119 120 99 217 55 66 45 49 35 5 74 41 92 189 65 76 0 230 137 66 78 0 0 0 0 137 
126 0 42 128 0 19 162 0 65 5 211 174 49 2 60 61 62 6 26 46 119 120 99 217 55 66 45 49 35 6 74 41 92 189 65 76 128 235 137 66 78 0 0 0 0 3 
126 0 42 128 0 19 162 0 65 5 211 174 49 2 60 61 62 6 26 46 119 120 99 217 55 66 45 49 35 7 74 41 92 189 65 76 128 15 138 66 78 0 0 0 0 221 
126 0 42 128 0 19 162 0 65 5 211 174 49 2 60 61 62 6 26 46 119 120 99 217 55 66 45 49 35 8 74 41 92 189 65 76 128 252 136 66 78 0 0 0 0 241 
126 0 42 128 0 19 162 0 65 5 211 174 49 2 60 61 62 6 26 46 119 120 99 217 55 66 45 49 35 9 74 174 71 189 65 76 0 218 137 66 78 0 0 0 0 33 
126 0 42 128 0 19 162 0 65 5 211 174 49 2 60 61 62 6 26 46 119 120 99 217 55 66 45 49 35 10 74 164 112 189 65 76 128 246 136 66 78 0 0 0 0 102 
126 0 42 128 0 19 162 0 65 5 211 174 49 2 60 61 62 6 26 46 119 120 99 217 55 66 45 49 35 11 74 41 92 189 65 76 0 186 136 66 78 0 0 0 0 176 
126 0 42 128 0 19 162 0 65 5 211 174 49 2 60 61 62 6 26 46 119 120 99 217 55 66 45 49 35 12 74 51 51 189 65 76 128 198 137 66 78 0 0 0 0 65 
126 0 42 128 0 19 162 0 65 5 211 174 49 2 60 61 62 6 26 46 119 120 99 217 55 66 45 49 35 13 74 41 92 189 65 76 128 217 137 66 78 0 0 0 0 14 
126 0 42 128 0 19 162 0 65 5 211 174 49 2 60 61 62 6 26 46 119 120 99 217 55 66 45 49 35 14 74 164 112 189 65 76 0 210 136 66 78 0 0 0 0 6 
126 0 42 128 0 19 162 0 65 5 211 174 49 2 60 61 62 6 26 46 119 120 99 217 55 66 45 49 35 15 74 41 92 189 65 76 0 224 137 66 78 0 0 0 0 133 
126 0 42 128 0 19 162 0 65 5 211 174 49 2 60 61 62 6 26 46 119 120 99 217 55 66 45 49 35 16 74 174 71 189 65 76 0 172 138 66 78 0 0 0 0 71 
126 0 42 128 0 19 162 0 65 5 211 174 49 2 60 61 62 6 26 46 119 120 99 217 55 66 45 49 35 17 74 174 71 189 65 76 128 193 137 66 78 0 0 0 0 178 
126 0 42 128 0 19 162 0 65 5 211 174 49 2 60 61 62 6 26 46 119 120 99 217 55 66 45 49 35 18 74 20 174 189 65 76 0 191 137 66 78 0 0 0 0 102 
126 0 42 128 0 19 162 0 65 5 211 174 49 2 60 61 62 6 26 46 119 120 99 217 55 66 45 49 35 19 74 20 174 189 65 76 128 255 136 66 78 0 0 0 0 166 
126 0 42 128 0 19 162 0 65 5 211 174 49 2 60 61 62 6 26 46 119 120 99 217 55 66 45 49 35 20 74 164 112 189 65 76 0 195 137 66 78 0 0 0 0 14 
126 0 42 128 0 19 162 0 65 5 211 174 49 2 60 61 62 6 26 46 119 120 99 217 55 66 45 49 35 21 74 164 112 189 65 76 0 200 137 66 78 0 0 0 0 8 
126 0 42 128 0 19 162 0 65 5 211 174 49 2 60 61 62 6 26 46 119 120 99 217 55 66 45 49 35 22 74 164 112 189 65 76 128 151 136 66 78 0 0 0 0 185 
126 0 42 128 0 19 162 0 65 5 211 174 49 2 60 61 62 6 26 46 119 120 99 217 55 66 45 49 35 23 74 164 112 189 65 76 128 112 138 66 78 0 0 0 0 221 
126 0 42 128 0 19 162 0 65 5 211 174 49 2 60 61 62 6 26 46 119 120 99 217 55 66 45 49 35 24 74 31 133 189 65 76 128 184 137 66 78 0 0 0 0 5 
126 0 42 128 0 19 162 0 65 5 211 174 49 2 60 61 62 6 26 46 119 120 99 217 55 66 45 49 35 25 74 31 133 189 65 76 128 82 138 66 78 0 0 0 0 105 
126 0 42 128 0 19 162 0 65 5 211 174 49 2 60 61 62 6 26 46 119 120 99 217 55 66 45 49 35 26 74 154 153 189 65 76 128 165 137 66 78 0 0 0 0 135 
126 0 42 128 0 19 162 0 65 5 211 174 49 2 60 61 62 6 26 46 119 120 99 217 55 66 45 49 35 27 74 154 153 189 65 76 128 254 136 66 78 0 0 0 0 46 
126 0 42 128 0 19 162 0 65 5 211 174 49 2 60 61 62 6 26 46 119 120 99 217 55 66 45 49 35 28 74 143 194 189 65 76 0 190 136 66 78 0 0 0 0 207 
126 0 42 128 0 19 162 0 65 5 211 174 49 2 60 61 62 6 26 46 119 120 99 217 55 66 45 49 35 29 74 143 194 189 65 76 128 144 137 66 78 0 0 0 0 123 
126 0 42 128 0 19 162 0 65 5 211 174 49 2 60 61 62 6 26 46 119 120 99 217 55 66 45 49 35 30 74 20 174 189 65 76 128 96 137 66 78 0 0 0 0 57 
126 0 42 128 0 19 162 0 65 5 211 174 49 2 60 61 62 6 26 46 119 120 99 217 55 66 45 49 35 31 74 10 215 189 65 76 128 120 137 66 78 0 0 0 0 1 
126 0 42 128 0 19 162 0 65 5 211 174 49 2 60 61 62 6 26 46 119 120 99 217 55 66 45 49 35 32 74 20 174 189 65 76 0 138 137 66 78 0 0 0 0 141 
126 0 42 128 0 19 162 0 65 5 211 174 49 2 60 61 62 6 26 46 119 120 99 217 55 66 45 49 35 33 74 154 153 189 65 76 0 162 138 66 78 0 0 0 0 2 
126 0 42 128 0 19 162 0 65 5 211 174 49 2 60 61 62 6 26 46 119 120 99 217 55 66 45 49 35 34 74 31 133 189 65 76 0 57 137 66 78 0 0 0 0 250 
126 0 42 128 0 19 162 0 65 5 211 174 49 2 60 61 62 6 26 46 119 120 99 217 55 66 45 49 35 35 74 174 71 189 65 76 128 204 137 66 78 0 0 0 0 149 
126 0 42 128 0 19 162 0 65 5 211 174 49 2 60 61 62 6 26 46 119 120 99 217 55 66 45 49 35 36 74 174 71 189 65 76 0 189 138 66 78 0 0 0 0 34 
126 0 42 128 0 19 162 0 65 5 211 174 49 2 60 61 62 6 26 46 119 120 99 217 55 66 45 49 35 37 74 164 112 189 65 76 128 20 137 66 78 0 0 0 0 44 
126 0 42 128 0 19 162 0 65 5 211 174 49 2 60 61 62 6 26 46 119 120 99 217 55 66 45 49 35 38 74 31 133 189 65 76 0 158 137 66 78 0 0 0 0 145 
126 0 42 128 0 19 162 0 65 5 211 174 49 2 60 61 62 6 26 46 119 120 99 217 55 66 45 49 35 39 74 20 174 189 65 76 128 202 137 66 78 0 0 0 0 198 
126 0 42 128 0 19 162 0 65 5 211 174 49 2 60 61 62 6 26 46 119 120 99 217 55 66 45 49 35 40 74 31 133 189 65 76 128 178 137 66 78 0 0 0 0 251 
126 0 42 128 0 19 162 0 65 5 211 174 49 2 60 61 62 6 26 46 119 120 99 217 55 66 45 49 35 41 74 10 215 189 65 76 0 134 138 66 78 0 0 0 0 104 
126 0 42 128 0 19 162 0 65 5 211 174 49 2 60 61 62 6 26 46 119 120 99 217 55 66 45 49 35 42 74 10 215 189 65 76 128 115 137 66 78 0 0 0 0 251 
126 0 42 128 0 19 162 0 65 5 211 174 49 2 60 61 62 6 26 46 119 120 99 217 55 66 45 49 35 43 74 10 215 189 65 76 0 125 136 66 78 0 0 0 0 113 
126 0 42 128 0 19 162 0 65 5 211 174 49 2 60 61 62 6 26 46 119 120 99 217 55 66 45 49 35 44 74 20 174 189 65 76 0 136 136 66 78 0 0 0 0 132 
126 0 42 128 0 19 162 0 65 5 211 174 49 2 60 61 62 6 26 46 119 120 99 217 55 66 45 49 35 45 74 20 174 189 65 76 128 222 137 66 78 0 0 0 0 172 
126 0 42 128 0 19 162 0 65 5 211 174 49 2 60 61 62 6 26 46 119 120 99 217 55 66 45 49 35 46 74 143 194 189 65 76 128 150 137 66 78 0 0 0 0 100 
126 0 42 128 0 19 162 0 65 5 211 174 49 2 60 61 62 6 26 46 119 120 99 217 55 66 45 49 35 47 74 20 174 189 65 76 0 113 136 66 78 0 0 0 0 152 
126 0 42 128 0 19 162 0 65 5 211 174 49 2 60 61 62 6 26 46 119 120 99 217 55 66 45 49 35 48 74 10 215 189 65 76 128 139 137 66 78 0 0 0 0 221 
126 0 42 128 0 19 162 0 65 5 211 174 49 2 60 61 62 6 26 46 119 120 99 217 55 66 45 49 35 49 74 246 40 190 65 76 128 117 137 66 78 0 0 0 0 180 
126 0 42 128 0 19 162 0 65 5 211 174 49 2 60 61 62 6 26 46 119 120 99 217 55 66 45 49 35 50 74 133 235 189 65 76 0 206 137 66 78 0 0 0 0 137 
126 0 42 128 0 19 162 0 65 5 211 174 49 2 60 61 62 6 26 46 119 120 99 217 55 66 45 49 35 51 74 10 215 189 65 76 128 1 137 66 78 0 0 0 0 100 
126 0 42 128 0 19 162 0 65 5 211 174 49 2 60 61 62 6 26 46 119 120 99 217 55 66 45 49 35 52 74 0 0 190 65 76 128 116 137 66 78 0 0 0 0 208 
126 0 42 128 0 19 162 0 65 5 211 174 49 2 60 61 62 6 26 46 119 120 99 217 55 66 45 49 35 53 74 0 0 190 65 76 128 122 137 66 78 0 0 0 0 201 
126 0 42 128 0 19 162 0 65 5 211 174 49 2 60 61 62 6 26 46 119 120 99 217 55 66 45 49 35 54 74 10 215 189 65 76 0 252 136 66 78 0 0 0 0 231 
126 0 42 128 0 19 162 0 65 5 211 174 49 2 60 61 62 6 26 46 119 120 99 217 55 66 45 49 35 55 74 10 215 189 65 76 0 146 137 66 78 0 0 0 0 79 
126 0 42 128 0 19 162 0 65 5 211 174 49 2 60 61 62 6 26 46 119 120 99 217 55 66 45 49 35 56 74 10 215 189 65 76 128 144 137 66 78 0 0 0 0 208 
126 0 42 128 0 19 162 0 65 5 211 174 49 2 60 61 62 6 26 46 119 120 99 217 55 66 45 49 35 57 74 133 235 189 65 76 128 215 136 66 78 0 0 0 0 250 
126 0 42 128 0 19 162 0 65 5 211 174 49 2 60 61 62 6 26 46 119 120 99 217 55 66 45 49 35 58 74 123 20 190 65 76 0 105 137 66 78 0 0 0 0 198 
126 0 42 128 0 19 162 0 65 5 211 174 49 2 60 61 62 6 26 46 119 120 99 217 55 66 45 49 35 59 74 246 40 190 65 76 0 148 137 66 78 0 0 0 0 11 
126 0 42 128 0 19 162 0 65 5 211 174 49 2 60 61 62 6 26 46 119 120 99 217 55 66 45 49 35 60 74 113 61 190 65 76 128 127 138 66 78 0 0 0 0 14 
126 0 42 128 0 19 162 0 65 5 211 174 49 2 60 61 62 6 26 46 119 120 99 217 55 66 45 49 35 61 74 113 61 190 65 76 128 242 136 66 78 0 0 0 0 156 
126 0 42 128 0 19 162 0 65 5 211 174 49 2 60 61 62 6 26 46 119 120 99 217 55 66 45 49 35 62 74 113 61 190 65 76 128 71 137 66 78 0 0 0 0 69 
126 0 42 128 0 19 162 0 65 5 211 174 49 2 60 61 62 6 26 46 119 120 99 217 55 66 45 49 35 63 74 236 81 190 65 76 0 94 136 66 78 0 0 0 0 31 
126 0 42 128 0 19 162 0 65 5 211 174 49 2 60 61 62 6 26 46 119 120 99 217 55 66 45 49 35 64 74 246 40 190 65 76 0 70 137 66 78 0 0 0 0 84 
126 0 42 128 0 19 162 0 65 5 211 174 49 2 60 61 62 6 26 46 119 120 99 217 55 66 45 49 35 65 74 113 61 190 65 76 128 86 136 66 78 0 0 0 0 52 
126 0 42 128 0 19 162 0 65 5 211 174 49 2 60 61 62 6 26 46 119 120 99 217 55 66 45 49 35 66 74 113 61 190 65 76 0 190 137 66 78 0 0 0 0 74 
126 0 42 128 0 19 162 0 65 5 211 174 49 2 60 61 62 6 26 46 119 120 99 217 55 66 45 49 35 67 74 123 20 190 65 76 0 106 137 66 78 0 0 0 0 188 
126 0 42 128 0 19 162 0 65 5 211 174 49 2 60 61 62 6 26 46 119 120 99 217 55 66 45 49 35 68 74 246 40 190 65 76 128 46 137 66 78 0 0 0 0 232 
126 0 42 128 0 19 162 0 65 5 211 174 49 2 60 61 62 6 26 46 119 120 99 217 55 66 45 49 35 69 74 246 40 190 65 76 0 106 137 66 78 0 0 0 0 43 
126 0 42 128 0 19 162 0 65 5 211 174 49 2 60 61 62 6 26 46 119 120 99 217 55 66 45 49 35 70 74 0 0 190 65 76 128 122 137 66 78 0 0 0 0 184 
126 0 42 128 0 19 162 0 65 5 211 174 49 2 60 61 62 6 26 46 119 120 99 217 55 66 45 49 35 71 74 0 0 190 65 76 128 230 137 66 78 0 0 0 0 75 
126 0 42 128 0 19 162 0 65 5 211 174 49 2 60 61 62 6 26 46 119 120 99 217 55 66 45 49 35 72 74 113 61 190 65 76 128 242 136 66 78 0 0 0 0 145 
126 0 42 128 0 19 162 0 65 5 211 174 49 2 60 61 62 6 26 46 119 120 99 217 55 66 45 49 35 73 74 113 61 190 65 76 128 31 138 66 78 0 0 0 0 97 
126 0 42 128 0 19 162 0 65 5 211 174 49 2 60 61 62 6 26 46 119 120 99 217 55 66 45 49 35 74 74 102 102 190 65 76 128 72 137 66 78 0 0 0 0 26 
126 0 42 128 0 19 162 0 65 5 211 174 49 2 60 61 62 6 26 46 119 120 99 217 55 66 45 49 35 75 74 113 61 190 65 76 128 168 137 66 78 0 0 0 0 215 
126 0 42 128 0 19 162 0 65 5 211 174 49 2 60 61 62 6 26 46 119 120 99 217 55 66 45 49 35 76 74 236 81 190 65 76 128 49 138 66 78 0 0 0 0 189 
126 0 42 128 0 19 162 0 65 5 211 174 49 2 60 61 62 6 26 46 119 120 99 217 55 66 45 49 35 77 74 246 40 190 65 76 0 94 137 66 78 0 0 0 0 47 
126 0 42 128 0 19 162 0 65 5 211 174 49 2 60 61 62 6 26 46 119 120 99 217 55 66 45 49 35 78 74 123 20 190 65 76 128 110 137 66 78 0 0 0 0 45 
126 0 42 128 0 19 162 0 65 5 211 174 49 2 60 61 62 6 26 46 119 120 99 217 55 66 45 49 35 79 74 123 20 190 65 76 0 74 136 66 78 0 0 0 0 209 
126 0 42 128 0 19 162 0 65 5 211 174 49 2 60 61 62 6 26 46 119 120 99 217 55 66 45 49 35 80 74 0 0 190 65 76 128 116 137 66 78 0 0 0 0 180 
126 0 42 128 0 19 162 0 65 5 211 174 49 2 60 61 62 6 26 46 119 120 99 217 55 66 45 49 35 81 74 10 215 189 65 76 128 155 136 66 78 0 0 0 0 173 
126 0 42 128 0 19 162 0 65 5 211 174 49 2 60 61 62 6 26 46 119 120 99 217 55 66 45 49 35 82 74 20 174 189 65 76 128 160 137 66 78 0 0 0 0 197 
126 0 42 128 0 19 162 0 65 5 211 174 49 2 60 61 62 6 26 46 119 120 99 217 55 66 45 49 35 83 74 20 174 189 65 76 0 222 138 66 78 0 0 0 0 5 
126 0 42 128 0 19 162 0 65 5 211 174 49 2 60 61 62 6 26 46 119 120 99 217 55 66 45 49 35 84 74 20 174 189 65 76 0 132 138 66 78 0 0 0 0 94 
126 0 42 128 0 19 162 0 65 5 211 174 49 2 60 61 62 6 26 46 119 120 99 217 55 66 45 49 35 85 74 31 133 189 65 76 128 255 137 66 78 0 0 0 0 129 
126 0 42 128 0 19 162 0 65 5 211 174 49 2 60 61 62 6 26 46 119 120 99 217 55 66 45 49 35 86 74 154 153 189 65 76 0 189 137 66 78 0 0 0 0 179 
126 0 42 128 0 19 162 0 65 5 211 174 49 2 60 61 62 6 26 46 119 120 99 217 55 66 45 49 35 87 74 10 215 189 65 76 128 139 137 66 78 0 0 0 0 182 
126 0 42 128 0 19 162 0 65 5 211 174 49 2 60 61 62 6 26 46 119 120 99 217 55 66 45 49 35 88 74 10 215 189 65 76 128 139 137 66 78 0 0 0 0 181 
126 0 42 128 0 19 162 0 65 5 211 174 49 2 60 61 62 6 26 46 119 120 99 217 55 66 45 49 35 89 74 143 194 189 65 76 0 139 138 66 78 0 0 0 0 195 
126 0 42 128 0 19 162 0 65 5 211 174 49 2 60 61 62 6 26 46 119 120 99 217 55 66 45 49 35 90 74 20 174 189 65 76 0 173 137 66 78 0 0 0 0 48 
126 0 42 128 0 19 162 0 65 5 211 174 49 2 60 61 62 6 26 46 119 120 99 217 55 66 45 49 35 91 74 20 174 189 65 76 128 168 137 66 78 0 0 0 0 180 
126 0 42 128 0 19 162 0 65 5 211 174 49 2 60 61 62 6 26 46 119 120 99 217 55 66 45 49 35 92 74 10 215 189 65 76 0 38 137 66 78 0 0 0 0 150 
126 0 42 128 0 19 162 0 65 5 211 174 49 2 60 61 62 6 26 46 119 120 99 217 55 66 45 49 35 93 74 133 235 189 65 76 128 121 137 66 78 0 0 0 0 51 
126 0 42 128 0 19 162 0 65 5 211 174 51 2 60 61 62 6 26 46 119 120 99 217 55 66 45 49 35 94 74 0 0 190 65 76 0 110 137 66 78 0 0 0 0 42 
126 0 42 128 0 19 162 0 65 5 211 174 48 2 60 61 62 6 26 46 119 120 99 217 55 66 45 49 35 95 74 154 153 189 65 76 0 137 137 66 78 0 0 0 0 223 
126 0 42 128 0 19 162 0 65 5 211 174 50 2 60 61 62 6 26 46 119 120 99 217 55 66 45 49 35 96 74 10 215 189 65 76 128 231 138 66 78 0 0 0 0 79 
126 0 42 128 0 19 162 0 65 5 211 174 49 2 60 61 62 6 26 46 119 120 99 217 55 66 45 49 35 97 74 236 81 190 65 76 128 153 139 66 78 0 0 0 0 63 
126 0 42 128 0 19 162 0 65 5 211 174 49 2 60 61 62 6 26 46 119 120 99 217 55 66 45 49 35 98 74 205 204 190 65 76 0 170 139 66 78 0 0 0 0 81 
126 0 42 128 0 19 162 0 65 5 211 174 49 2 60 61 62 6 26 46 119 120 99 217 55 66 45 49 35 99 74 82 184 190 65 76 0 165 137 66 78 0 0 0 0 230 
126 0 42 128 0 19 162 0 65 5 211 174 49 2 60 61 62 6 26 46 119 120 99 217 55 66 45 49 35 100 74 205 204 190 65 76 128 24 138 66 78 0 0 0 0 98 
126 0 42 128 0 19 162 0 65 5 211 174 49 2 60 61 62 6 26 46 119 120 99 217 55 66 45 49 35 101 74 92 143 190 65 76 0 8 138 66 78 0 0 0 0 159 
126 0 42 128 0 19 162 0 65 5 211 174 49 2 60 61 62 6 26 46 119 120 99 217 55 66 45 49 35 102 74 236 81 190 65 76 128 171 139 66 78 0 0 0 0 40 
126 0 42 128 0 19 162 0 65 5 211 174 55 2 60 61 62 6 26 46 119 120 99 217 55 66 45 49 35 103 74 102 102 190 65 76 128 165 138 66 78 0 0 0 0 153 
